0.3 8.71E-09
0.305 3.42E-07
0.31 2.95E-05
0.315 4.33E-04
0.32 1.65E-03
0.325 1.74E-03
0.33 1.45E-03
0.335 1.07E-03
0.34 7.04E-04
0.345 4.52E-04
0.35 2.72E-04
0.355 1.86E-04
0.36 1.81E-04
0.365 1.92E-04
0.37 2.02E-04
0.375 2.89E-04
0.38 4.56E-04
0.385 1.15E-03
0.39 2.80E-03
0.395 5.43E-03
0.4 1.21E-02
0.405 2.74E-02
0.41 6.81E-02
0.415 1.26E-01
0.42 1.92E-01
0.425 2.56E-01
0.43 3.04E-01
0.435 3.50E-01
0.44 3.84E-01
0.445 4.08E-01
0.45 4.26E-01
0.455 4.41E-01
0.46 4.52E-01
0.465 4.62E-01
0.47 4.71E-01
0.475 4.79E-01
0.48 4.89E-01
0.485 4.94E-01
0.49 5.06E-01
0.495 5.08E-01
0.5 5.16E-01
0.505 5.22E-01
0.51 5.26E-01
0.515 5.31E-01
0.52 5.34E-01
0.525 5.38E-01
0.53 5.43E-01
0.535 5.47E-01
0.54 5.51E-01
0.545 5.54E-01
0.55 5.57E-01
0.555 5.62E-01
0.56 5.65E-01
0.565 5.70E-01
0.57 5.75E-01
0.575 5.78E-01
0.58 5.82E-01
0.585 5.86E-01
0.59 5.89E-01
0.595 5.94E-01
0.6 5.97E-01
0.605 6.00E-01
0.61 6.04E-01
0.615 6.06E-01
0.62 6.10E-01
0.625 6.13E-01
0.63 6.15E-01
0.635 6.18E-01
0.64 6.21E-01
0.645 6.24E-01
0.65 6.27E-01
0.655 6.29E-01
0.66 6.29E-01
0.665 6.32E-01
0.67 6.34E-01
0.675 6.36E-01
0.68 6.38E-01
0.685 6.39E-01
0.69 6.42E-01
0.695 6.43E-01
0.7 6.46E-01
0.705 6.48E-01
0.71 6.49E-01
0.715 6.51E-01
0.72 6.52E-01
0.725 6.52E-01
0.73 6.51E-01
0.735 6.51E-01
0.74 6.48E-01
0.745 6.52E-01
0.75 6.53E-01
0.755 6.55E-01
0.76 6.58E-01
0.765 6.61E-01
0.77 6.64E-01
0.775 6.67E-01
0.78 6.69E-01
0.785 6.70E-01
0.79 6.74E-01
0.795 6.71E-01
0.8 6.70E-01
0.81 6.67E-01
0.82 6.61E-01
0.83 6.53E-01
0.84 6.48E-01
0.85 6.46E-01
0.86 6.41E-01
0.87 6.32E-01
0.88 6.25E-01
0.89 6.14E-01
0.9 6.04E-01
0.91 5.93E-01
0.92 5.67E-01
0.93 5.10E-01
0.94 4.28E-01
0.95 3.17E-01
0.96 2.35E-01
0.97 2.23E-01
0.98 2.31E-01
0.99 2.67E-01
1 3.05E-01
1.01 3.44E-01
1.02 3.99E-01
1.03 4.49E-01
1.04 4.91E-01
1.05 5.22E-01
1.06 5.42E-01
1.07 5.42E-01
1.08 5.34E-01
1.09 5.05E-01
1.1 4.78E-01
1.11 4.42E-01
1.12 3.98E-01
1.13 3.04E-01
1.14 1.49E-01
1.15 6.66E-02
1.16 5.02E-02
1.17 4.74E-02
1.18 4.41E-02
1.19 4.71E-02
1.2 4.35E-02
1.21 4.87E-02
1.22 5.24E-02
1.23 5.76E-02
1.24 6.20E-02
1.25 6.84E-02
1.26 7.06E-02
1.27 6.77E-02
1.28 6.08E-02
1.29 4.96E-02
1.3 3.54E-02
1.31 2.22E-02
1.32 8.46E-03
1.33 2.95E-03
1.34 8.73E-04
1.35 3.14E-04
1.36 7.30E-05
1.37 3.46E-06
1.38 6.93E-08
1.39 1.35E-12
1.4 1.58E-19
