0.3000  1.217E-07
0.3050  3.919E-06
0.3100  2.833E-04
0.3150  3.561E-03
0.3200  1.177E-02
0.3250  1.188E-02
0.3300  9.472E-03
0.3350  6.676E-03
0.3400  4.240E-03
0.3450  2.686E-03
0.3500  1.591E-03
0.3550  1.076E-03
0.3600  1.030E-03
0.3650  1.077E-03
0.3700  1.123E-03
0.3750  1.188E-03
0.3800  1.773E-03
0.3850  3.161E-03
0.3900  5.486E-03
0.3950  1.041E-02
0.4000  2.271E-02
0.4050  5.047E-02
0.4100  1.233E-01
0.4150  2.248E-01
0.4200  3.351E-01
0.4250  4.404E-01
0.4300  5.140E-01
0.4350  5.813E-01
0.4400  6.279E-01
0.4450  6.571E-01
0.4500  6.749E-01
0.4550  6.901E-01
0.4600  7.001E-01
0.4650  7.124E-01
0.4700  7.230E-01
0.4750  7.301E-01
0.4800  7.404E-01
0.4850  7.449E-01
0.4900  7.567E-01
0.4950  7.570E-01
0.5000  7.631E-01
0.5050  7.694E-01
0.5100  7.731E-01
0.5150  7.762E-01
0.5200  7.782E-01
0.5250  7.817E-01
0.5300  7.867E-01
0.5350  7.912E-01
0.5400  7.955E-01
0.5450  7.970E-01
0.5500  7.993E-01
0.5550  8.020E-01
0.5600  8.017E-01
0.5650  8.049E-01
0.5700  8.086E-01
0.5750  8.103E-01
0.5800  8.122E-01
0.5850  8.157E-01
0.5900  8.168E-01
0.5950  8.195E-01
0.6000  8.204E-01
0.6050  8.223E-01
0.6100  8.241E-01
0.6150  8.245E-01
0.6200  8.269E-01
0.6250  8.281E-01
0.6300  8.276E-01
0.6350  8.287E-01
0.6400  8.290E-01
0.6450  8.313E-01
0.6500  8.332E-01
0.6550  8.344E-01
0.6600  8.327E-01
0.6650  8.346E-01
0.6700  8.353E-01
0.6750  8.354E-01
0.6800  8.363E-01
0.6850  8.363E-01
0.6900  8.368E-01
0.6950  8.372E-01
0.7000  8.384E-01
0.7050  8.395E-01
0.7100  8.390E-01
0.7150  8.375E-01
0.7200  8.360E-01
0.7250  8.344E-01
0.7300  8.310E-01
0.7350  8.291E-01
0.7400  8.244E-01
0.7450  8.270E-01
0.7500  8.263E-01
0.7550  8.269E-01
0.7600  8.290E-01
0.7650  8.312E-01
0.7700  8.333E-01
0.7750  8.350E-01
0.7800  8.356E-01
0.7850  8.359E-01
0.7900  8.395E-01
0.7950  8.341E-01
0.8000  8.297E-01
0.8100  8.240E-01
0.8200  8.149E-01
0.8300  8.037E-01
0.8400  7.965E-01
0.8500  7.927E-01
0.8600  7.850E-01
0.8700  7.728E-01
0.8800  7.643E-01
0.8900  7.505E-01
0.9000  7.366E-01
0.9100  7.200E-01
0.9200  6.861E-01
0.9300  6.159E-01
0.9400  5.156E-01
0.9500  3.797E-01
0.9600  2.817E-01
0.9700  2.690E-01
0.9800  2.772E-01
0.9900  3.184E-01
1.0000  3.647E-01
1.0100  4.112E-01
1.0200  4.740E-01
1.0300  5.314E-01
1.0400  5.810E-01
1.0500  6.150E-01
1.0600  6.373E-01
1.0700  6.350E-01
1.0800  6.242E-01
1.0900  5.896E-01
1.1000  5.585E-01
1.1100  5.154E-01
1.1200  4.658E-01
1.1300  3.552E-01
1.1400  1.752E-01
1.1500  7.834E-02
1.1600  5.902E-02
1.1700  5.566E-02
1.1800  5.174E-02
1.1900  5.507E-02
1.2000  5.081E-02
1.2100  5.684E-02
1.2200  6.128E-02
1.2300  6.721E-02
1.2400  7.255E-02
1.2500  7.975E-02
1.2600  8.190E-02
1.2700  7.859E-02
1.2800  7.037E-02
1.2900  5.747E-02
1.3000  4.104E-02
1.3100  2.577E-02
1.3200  9.856E-03
1.3300  3.438E-03
1.3400  1.019E-03
1.3500  3.671E-04
1.3600  8.524E-05
1.3700  4.045E-06
1.3800  8.095E-08
1.3900  1.583E-12
1.4000  1.843E-19
1.4100  3.244E-27
1.4200  5.151E-31
1.4300  1.055E-32
1.4400  9.290E-34
1.4500  2.455E-33
1.4600  8.276E-33
1.4700  7.460E-30
1.4800  1.565E-27
1.4900  2.293E-24
1.5000  1.272E-21
1.5100  3.401E-19
1.5200  3.442E-17
1.5300  2.731E-15
1.5400  1.046E-13
1.5500  1.514E-12
1.5600  2.193E-11
1.5700  2.002E-10
1.5800  1.332E-09
1.5900  5.454E-09
1.6000  1.709E-08
1.6100  4.200E-08
1.6200  1.007E-07
1.6300  1.761E-07
1.6400  3.080E-07
1.6500  4.770E-07
1.6600  5.936E-07
1.6700  7.037E-07
1.6800  7.388E-07
1.6900  6.542E-07
1.7000  5.008E-07
1.7100  3.395E-07
1.7200  1.941E-07
1.7300  8.094E-08
1.7400  2.583E-08
1.7500  6.011E-09
1.7600  1.239E-09
1.7700  3.100E-10
1.7800  1.145E-10
1.7900  7.760E-11
1.8000  7.574E-11
1.8100  7.042E-11
1.8200  5.134E-11
1.8300  2.797E-11
1.8400  5.104E-12
1.8500  1.333E-13
1.8600  3.442E-17
1.8700  1.583E-25
1.8800  4.855E-41
1.8900  4.114E-69
1.9000  1.997E-109
1.9100  7.207E-118
1.9200  3.811E-123
1.9300  4.329E-122
1.9400  8.261E-136
1.9500  1.548E-111
1.9600  4.239E-105
1.9700  5.049E-96
1.9800  2.494E-92
1.9900  5.550E-80
2.0000  1.062E-72
2.0100  4.729E-66
2.0200  9.048E-59
2.0300  1.711E-53
2.0400  3.632E-49
2.0500  6.046E-45
2.0600  6.118E-43
2.0700  1.143E-39
2.0800  4.971E-37
2.0900  1.926E-33
2.1000  6.568E-31
2.1100  4.088E-29
2.1200  2.544E-27
2.1300  7.639E-26
2.1400  8.677E-25
2.1500  4.754E-24
2.1600  4.235E-23
2.1700  1.820E-22
2.1800  4.811E-22
2.1900  9.973E-22
2.2000  1.272E-21
2.2100  1.272E-21
2.2200  7.821E-22
2.2300  4.811E-22
2.2400  1.820E-22
2.2500  5.400E-23
2.2600  7.729E-24
2.2700  1.106E-24
2.2800  7.639E-26
2.2900  6.725E-27
2.3000  1.757E-28
2.3100  4.588E-30
2.3200  8.276E-33
2.3300  1.330E-34
2.3400  8.082E-37
2.3500  4.325E-40
2.3600  1.636E-40
2.3700  1.617E-42
2.3800  2.567E-46
2.3900  5.904E-49
2.4000  3.547E-53
2.4100  6.321E-58
2.4200  1.437E-62
2.4300  2.281E-66
2.4400  2.774E-74
2.4500  1.666E-78
2.4600  4.302E-82
2.4700  2.866E-89
2.4800  6.592E-92
2.4900  2.962E-104
2.5000  4.816E-104
