4.000000000000000000e+02 5.777269285954264588e-02
4.010000000000000000e+02 6.039203537925989795e-02
4.020000000000000000e+02 6.591040841041852227e-02
4.030000000000000000e+02 7.105506050614772418e-02
4.040000000000000000e+02 7.503407715063391270e-02
4.050000000000000000e+02 7.901309379512010123e-02
4.060000000000000000e+02 8.361367573927286356e-02
4.070000000000000000e+02 8.841728938824090778e-02
4.080000000000000000e+02 9.326621901606264864e-02
4.090000000000000000e+02 9.826887304953002555e-02
4.100000000000000000e+02 1.054508422869882139e-01
4.110000000000000000e+02 1.176171461955359404e-01
4.120000000000000000e+02 1.500616334552525022e-01
4.130000000000000000e+02 1.602427136978470112e-01
4.140000000000000000e+02 2.079400299804275432e-01
4.150000000000000000e+02 2.224780107820923947e-01
4.160000000000000000e+02 2.316067899233952010e-01
4.170000000000000000e+02 2.479999797662570948e-01
4.180000000000000000e+02 2.558336614017889810e-01
4.190000000000000000e+02 2.678981540195392030e-01
4.200000000000000000e+02 2.758031873322174810e-01
4.210000000000000000e+02 2.814494224032764169e-01
4.220000000000000000e+02 2.846697808456450929e-01
4.230000000000000000e+02 2.878901392880137688e-01
4.240000000000000000e+02 2.911104977303823893e-01
4.250000000000000000e+02 2.957393140038752644e-01
4.260000000000000000e+02 3.027377320382830805e-01
4.270000000000000000e+02 3.080849845982616686e-01
4.280000000000000000e+02 3.121483811064270641e-01
4.290000000000000000e+02 3.162117776145924042e-01
4.300000000000000000e+02 3.199603790707508666e-01
4.310000000000000000e+02 3.235460557524165726e-01
4.320000000000000000e+02 3.271317324340823340e-01
4.330000000000000000e+02 3.310535338395216853e-01
4.340000000000000000e+02 3.353185379528584864e-01
4.350000000000000000e+02 3.399188281533694345e-01
4.360000000000000000e+02 3.469087448668264351e-01
4.370000000000000000e+02 3.504518401168026931e-01
4.380000000000000000e+02 3.529382600885566101e-01
4.390000000000000000e+02 3.554246800603104717e-01
4.400000000000000000e+02 3.579111000320643887e-01
4.410000000000000000e+02 3.605883013910980428e-01
4.420000000000000000e+02 3.632936718963625800e-01
4.430000000000000000e+02 3.659990424016270616e-01
4.440000000000000000e+02 3.701315323491311537e-01
4.450000000000000000e+02 3.758823157192283104e-01
4.460000000000000000e+02 3.784279216057921391e-01
4.470000000000000000e+02 3.809735274923559678e-01
4.480000000000000000e+02 3.835191333789197410e-01
4.490000000000000000e+02 3.864379304947757610e-01
4.500000000000000000e+02 3.905952774460256793e-01
4.510000000000000000e+02 3.947526243972756532e-01
4.520000000000000000e+02 3.982228841359333193e-01
4.530000000000000000e+02 4.005407558872785545e-01
4.540000000000000000e+02 4.028586276386237897e-01
4.550000000000000000e+02 4.051764993899690248e-01
4.560000000000000000e+02 4.075459383529262403e-01
4.570000000000000000e+02 4.102124684877549443e-01
4.580000000000000000e+02 4.128789986225835928e-01
4.590000000000000000e+02 4.155455287574122414e-01
4.600000000000000000e+02 4.183480395526135154e-01
4.610000000000000000e+02 4.212548376239323433e-01
4.620000000000000000e+02 4.241616356952511713e-01
4.630000000000000000e+02 4.269810710567367162e-01
4.640000000000000000e+02 4.292658366453283580e-01
4.650000000000000000e+02 4.315506022339200554e-01
4.660000000000000000e+02 4.338353678225116972e-01
4.670000000000000000e+02 4.361794513738002088e-01
4.680000000000000000e+02 4.387055875482633871e-01
4.690000000000000000e+02 4.412317237227265099e-01
4.700000000000000000e+02 4.437578598971896882e-01
4.710000000000000000e+02 4.459158936848748866e-01
4.720000000000000000e+02 4.480644456757417737e-01
4.730000000000000000e+02 4.502129976666086608e-01
4.740000000000000000e+02 4.523532611359277755e-01
4.750000000000000000e+02 4.543978714540712338e-01
4.760000000000000000e+02 4.564424817722147476e-01
4.770000000000000000e+02 4.584870920903582614e-01
4.780000000000000000e+02 4.605317024085017752e-01
4.790000000000000000e+02 4.625736054672107689e-01
4.800000000000000000e+02 4.646109092235587434e-01
4.810000000000000000e+02 4.666482129799067180e-01
4.820000000000000000e+02 4.686855167362547481e-01
4.830000000000000000e+02 4.707228204926027226e-01
4.840000000000000000e+02 4.723921904305450892e-01
4.850000000000000000e+02 4.740143837447597375e-01
4.860000000000000000e+02 4.756365770589743858e-01
4.870000000000000000e+02 4.772587703731890341e-01
4.880000000000000000e+02 4.788809636874036268e-01
4.890000000000000000e+02 4.805841538320260731e-01
4.900000000000000000e+02 4.822965120490030344e-01
4.910000000000000000e+02 4.840088702659799957e-01
4.920000000000000000e+02 4.857212284829570126e-01
4.930000000000000000e+02 4.874335866999339739e-01
4.940000000000000000e+02 4.892241661344416404e-01
4.950000000000000000e+02 4.910192712183253927e-01
4.960000000000000000e+02 4.928143763022092005e-01
4.970000000000000000e+02 4.946094813860929529e-01
4.980000000000000000e+02 4.964083993683100493e-01
4.990000000000000000e+02 4.982277660298387034e-01
5.000000000000000000e+02 5.000471326913674686e-01
5.010000000000000000e+02 5.018664993528960672e-01
5.020000000000000000e+02 5.036858660144247768e-01
5.030000000000000000e+02 5.052292657118584440e-01
5.040000000000000000e+02 5.065185672730349031e-01
5.050000000000000000e+02 5.078078688342112512e-01
5.060000000000000000e+02 5.090971703953877103e-01
5.070000000000000000e+02 5.103864719565641694e-01
5.080000000000000000e+02 5.116757735177405175e-01
5.090000000000000000e+02 5.129650750789169766e-01
5.100000000000000000e+02 5.143101162308224561e-01
5.110000000000000000e+02 5.158598547354206199e-01
5.120000000000000000e+02 5.174095932400186726e-01
5.130000000000000000e+02 5.189593317446168363e-01
5.140000000000000000e+02 5.205090702492150001e-01
5.150000000000000000e+02 5.220588087538130528e-01
5.160000000000000000e+02 5.234914321538143289e-01
5.170000000000000000e+02 5.248732401050745233e-01
5.180000000000000000e+02 5.262550480563348287e-01
5.190000000000000000e+02 5.276368560075950231e-01
5.200000000000000000e+02 5.290186639588552175e-01
5.210000000000000000e+02 5.304004719101155230e-01
5.220000000000000000e+02 5.317579331933508513e-01
5.230000000000000000e+02 5.331047069601646538e-01
5.240000000000000000e+02 5.344514807269783452e-01
5.250000000000000000e+02 5.357982544937921476e-01
5.260000000000000000e+02 5.371450282606058391e-01
5.270000000000000000e+02 5.384918020274196415e-01
5.280000000000000000e+02 5.397488466294655396e-01
5.290000000000000000e+02 5.409660099160469304e-01
5.300000000000000000e+02 5.421831732026283213e-01
5.310000000000000000e+02 5.434003364892096011e-01
5.320000000000000000e+02 5.446174997757909919e-01
5.330000000000000000e+02 5.458346630623723827e-01
5.340000000000000000e+02 5.470518263489537736e-01
5.350000000000000000e+02 5.481631436902634213e-01
5.360000000000000000e+02 5.492031531908868613e-01
5.370000000000000000e+02 5.502431626915104124e-01
5.380000000000000000e+02 5.512831721921338524e-01
5.390000000000000000e+02 5.523231816927574034e-01
5.400000000000000000e+02 5.533631911933808434e-01
5.410000000000000000e+02 5.544032006940043944e-01
5.420000000000000000e+02 5.554432101946278344e-01
5.430000000000000000e+02 5.565561410070632986e-01
5.440000000000000000e+02 5.576724481110246767e-01
5.450000000000000000e+02 5.587887552149860548e-01
5.460000000000000000e+02 5.599050623189475440e-01
5.470000000000000000e+02 5.610213694229089221e-01
5.480000000000000000e+02 5.621376765268703002e-01
5.490000000000000000e+02 5.632539836308317893e-01
5.500000000000000000e+02 5.643313521098112240e-01
5.510000000000000000e+02 5.653238540477111274e-01
5.520000000000000000e+02 5.663163559856110307e-01
5.530000000000000000e+02 5.673088579235109341e-01
5.540000000000000000e+02 5.683013598614108375e-01
5.550000000000000000e+02 5.692938617993107409e-01
5.560000000000000000e+02 5.702863637372106442e-01
5.570000000000000000e+02 5.712788656751105476e-01
5.580000000000000000e+02 5.722561194380033633e-01
5.590000000000000000e+02 5.731281891967009434e-01
5.600000000000000000e+02 5.740002589553985235e-01
5.610000000000000000e+02 5.748723287140962146e-01
5.620000000000000000e+02 5.757443984727937947e-01
5.630000000000000000e+02 5.766164682314913748e-01
5.640000000000000000e+02 5.774885379901890659e-01
5.650000000000000000e+02 5.783606077488866459e-01
5.660000000000000000e+02 5.792326775075842260e-01
5.670000000000000000e+02 5.801047472662818061e-01
5.680000000000000000e+02 5.808820954082830612e-01
5.690000000000000000e+02 5.816422052580527691e-01
5.700000000000000000e+02 5.824023151078223659e-01
5.710000000000000000e+02 5.831624249575920738e-01
5.720000000000000000e+02 5.839225348073617816e-01
5.730000000000000000e+02 5.846826446571314895e-01
5.740000000000000000e+02 5.854427545069011973e-01
5.750000000000000000e+02 5.862028643566707942e-01
5.760000000000000000e+02 5.869629742064405020e-01
5.770000000000000000e+02 5.877230840562102099e-01
5.780000000000000000e+02 5.884952114688865032e-01
5.790000000000000000e+02 5.892807486669827677e-01
5.800000000000000000e+02 5.900662858650790321e-01
5.810000000000000000e+02 5.908518230631752965e-01
5.820000000000000000e+02 5.916373602612714500e-01
5.830000000000000000e+02 5.924228974593677144e-01
5.840000000000000000e+02 5.932084346574639788e-01
5.850000000000000000e+02 5.939939718555602433e-01
5.860000000000000000e+02 5.947795090536565077e-01
5.870000000000000000e+02 5.955650462517526611e-01
5.880000000000000000e+02 5.963504605326565011e-01
5.890000000000000000e+02 5.971347616534919966e-01
5.900000000000000000e+02 5.979190627743273811e-01
5.910000000000000000e+02 5.987033638951628767e-01
5.920000000000000000e+02 5.994876650159983722e-01
5.930000000000000000e+02 6.002719661368337567e-01
5.940000000000000000e+02 6.010562672576692522e-01
5.950000000000000000e+02 6.018405683785047477e-01
5.960000000000000000e+02 6.026248694993401323e-01
5.970000000000000000e+02 6.034091706201756278e-01
5.980000000000000000e+02 6.041898066967129610e-01
5.990000000000000000e+02 6.049606435740222388e-01
6.000000000000000000e+02 6.057314804513315165e-01
6.010000000000000000e+02 6.065023173286407943e-01
6.020000000000000000e+02 6.072731542059500720e-01
6.030000000000000000e+02 6.080439910832593498e-01
6.040000000000000000e+02 6.088148279605686275e-01
6.050000000000000000e+02 6.095856648378779052e-01
6.060000000000000000e+02 6.103565017151870720e-01
6.070000000000000000e+02 6.111273385924963497e-01
6.080000000000000000e+02 6.118981754698056275e-01
6.090000000000000000e+02 6.125895219229794408e-01
6.100000000000000000e+02 6.132719273343744115e-01
6.110000000000000000e+02 6.139543327457692712e-01
6.120000000000000000e+02 6.146367381571642419e-01
6.130000000000000000e+02 6.153191435685592126e-01
6.140000000000000000e+02 6.160015489799541832e-01
6.150000000000000000e+02 6.166839543913491539e-01
6.160000000000000000e+02 6.173663598027441246e-01
6.170000000000000000e+02 6.180487652141389843e-01
6.180000000000000000e+02 6.187311706255339550e-01
6.190000000000000000e+02 6.194135760369289256e-01
6.200000000000000000e+02 6.200339762262615517e-01
6.210000000000000000e+02 6.205731111337722261e-01
6.220000000000000000e+02 6.211122460412829005e-01
6.230000000000000000e+02 6.216513809487935749e-01
6.240000000000000000e+02 6.221905158563042493e-01
6.250000000000000000e+02 6.227296507638149237e-01
6.260000000000000000e+02 6.232687856713255981e-01
6.270000000000000000e+02 6.238079205788362724e-01
6.280000000000000000e+02 6.243470554863469468e-01
6.290000000000000000e+02 6.248861903938576212e-01
6.300000000000000000e+02 6.254253253013682956e-01
6.310000000000000000e+02 6.259644602088789700e-01
6.320000000000000000e+02 6.265153591422240043e-01
6.330000000000000000e+02 6.270825573308509426e-01
6.340000000000000000e+02 6.276497555194779920e-01
6.350000000000000000e+02 6.282169537081049304e-01
6.360000000000000000e+02 6.287841518967319798e-01
6.370000000000000000e+02 6.293513500853589182e-01
6.380000000000000000e+02 6.299185482739859676e-01
6.390000000000000000e+02 6.304857464626129060e-01
6.400000000000000000e+02 6.310529446512399554e-01
6.410000000000000000e+02 6.316201428398668938e-01
6.420000000000000000e+02 6.321873410284939432e-01
6.430000000000000000e+02 6.327545392171209926e-01
6.440000000000000000e+02 6.333217374057479310e-01
6.450000000000000000e+02 6.338889355943748694e-01
6.460000000000000000e+02 6.344561337830019188e-01
6.470000000000000000e+02 6.350233319716288571e-01
6.480000000000000000e+02 6.355905301602559065e-01
6.490000000000000000e+02 6.361577283488828449e-01
6.500000000000000000e+02 6.367249265375098943e-01
6.510000000000000000e+02 6.372921247261368327e-01
6.520000000000000000e+02 6.378593229147638821e-01
6.530000000000000000e+02 6.384265211033908205e-01
6.540000000000000000e+02 6.389937192920178699e-01
6.550000000000000000e+02 6.395609174806448083e-01
6.560000000000000000e+02 6.401038776694409904e-01
6.570000000000000000e+02 6.406093384202943275e-01
6.580000000000000000e+02 6.411147991711475536e-01
6.590000000000000000e+02 6.416202599220007796e-01
6.600000000000000000e+02 6.421257206728541167e-01
6.610000000000000000e+02 6.426311814237073428e-01
6.620000000000000000e+02 6.431366421745605688e-01
6.630000000000000000e+02 6.436421029254139059e-01
6.640000000000000000e+02 6.441475636762671320e-01
6.650000000000000000e+02 6.446530244271203580e-01
6.660000000000000000e+02 6.451584851779735841e-01
6.670000000000000000e+02 6.456639459288269212e-01
6.680000000000000000e+02 6.461566562352214493e-01
6.690000000000000000e+02 6.466284447718209094e-01
6.700000000000000000e+02 6.471002333084202585e-01
6.710000000000000000e+02 6.475720218450197185e-01
6.720000000000000000e+02 6.480438103816191786e-01
6.730000000000000000e+02 6.485155989182185277e-01
6.740000000000000000e+02 6.489873874548179877e-01
6.750000000000000000e+02 6.494591759914173368e-01
6.760000000000000000e+02 6.499309645280167969e-01
6.770000000000000000e+02 6.504027530646162569e-01
6.780000000000000000e+02 6.508745416012156060e-01
6.790000000000000000e+02 6.513463301378150661e-01
6.800000000000000000e+02 6.517741585104266377e-01
6.810000000000000000e+02 6.521253042273559286e-01
6.820000000000000000e+02 6.524764499442851085e-01
6.830000000000000000e+02 6.528275956612143993e-01
6.840000000000000000e+02 6.531787413781435792e-01
6.850000000000000000e+02 6.535298870950727590e-01
6.860000000000000000e+02 6.538810328120020499e-01
6.870000000000000000e+02 6.542321785289312297e-01
6.880000000000000000e+02 6.545833242458605206e-01
6.890000000000000000e+02 6.549344699627897004e-01
6.900000000000000000e+02 6.552856156797189913e-01
6.910000000000000000e+02 6.556367613966481711e-01
6.920000000000000000e+02 6.559898644778430210e-01
6.930000000000000000e+02 6.563466209358244097e-01
6.940000000000000000e+02 6.567033773938057983e-01
6.950000000000000000e+02 6.570601338517870760e-01
6.960000000000000000e+02 6.574168903097684646e-01
6.970000000000000000e+02 6.577736467677498533e-01
6.980000000000000000e+02 6.581304032257311309e-01
6.990000000000000000e+02 6.584871596837125196e-01
7.000000000000000000e+02 6.588439161416939083e-01
7.010000000000000000e+02 6.592006725996752969e-01
7.020000000000000000e+02 6.595574290576565746e-01
7.030000000000000000e+02 6.599141855156379632e-01
7.040000000000000000e+02 6.602550424873131485e-01
7.050000000000000000e+02 6.605641093654521789e-01
7.060000000000000000e+02 6.608731762435912094e-01
7.070000000000000000e+02 6.611822431217302398e-01
7.080000000000000000e+02 6.614913099998692703e-01
7.090000000000000000e+02 6.618003768780084117e-01
7.100000000000000000e+02 6.621094437561474422e-01
7.110000000000000000e+02 6.624185106342864726e-01
7.120000000000000000e+02 6.627275775124255031e-01
7.130000000000000000e+02 6.630366443905645335e-01
7.140000000000000000e+02 6.633457112687035639e-01
7.150000000000000000e+02 6.636547781468427054e-01
7.160000000000000000e+02 6.639362425885427799e-01
7.170000000000000000e+02 6.641583561455555174e-01
7.180000000000000000e+02 6.643804697025683659e-01
7.190000000000000000e+02 6.646025832595811034e-01
7.200000000000000000e+02 6.648246968165939519e-01
7.210000000000000000e+02 6.650468103736066894e-01
7.220000000000000000e+02 6.652689239306194269e-01
7.230000000000000000e+02 6.654910374876322754e-01
7.240000000000000000e+02 6.657131510446450129e-01
7.250000000000000000e+02 6.659352646016578614e-01
7.260000000000000000e+02 6.661573781586705989e-01
7.270000000000000000e+02 6.663794917156833364e-01
7.280000000000000000e+02 6.665805297212906710e-01
7.290000000000000000e+02 6.667325290677367233e-01
7.300000000000000000e+02 6.668845284141827756e-01
7.310000000000000000e+02 6.670365277606288279e-01
7.320000000000000000e+02 6.671885271070749912e-01
7.330000000000000000e+02 6.673405264535210435e-01
7.340000000000000000e+02 6.674925257999670958e-01
7.350000000000000000e+02 6.676445251464131481e-01
7.360000000000000000e+02 6.677965244928592004e-01
7.370000000000000000e+02 6.679485238393052526e-01
7.380000000000000000e+02 6.681005231857513049e-01
7.390000000000000000e+02 6.682525225321974682e-01
7.400000000000000000e+02 6.683830936257307842e-01
7.410000000000000000e+02 6.684593790853391448e-01
7.420000000000000000e+02 6.685356645449476165e-01
7.430000000000000000e+02 6.686119500045559771e-01
7.440000000000000000e+02 6.686882354641644488e-01
7.450000000000000000e+02 6.687645209237729205e-01
7.460000000000000000e+02 6.688408063833812811e-01
7.470000000000000000e+02 6.689170918429897528e-01
7.480000000000000000e+02 6.689933773025981134e-01
7.490000000000000000e+02 6.690696627622065851e-01
7.500000000000000000e+02 6.691459482218150567e-01
7.510000000000000000e+02 6.692222336814234174e-01
7.520000000000000000e+02 6.692977770159743711e-01
7.530000000000000000e+02 6.693712584462001569e-01
7.540000000000000000e+02 6.694447398764259427e-01
7.550000000000000000e+02 6.695182213066517285e-01
7.560000000000000000e+02 6.695917027368775143e-01
7.570000000000000000e+02 6.696651841671033001e-01
7.580000000000000000e+02 6.697386655973290859e-01
7.590000000000000000e+02 6.698121470275548717e-01
7.600000000000000000e+02 6.698856284577806575e-01
7.610000000000000000e+02 6.699591098880064433e-01
7.620000000000000000e+02 6.700325913182322290e-01
7.630000000000000000e+02 6.701060727484581259e-01
7.640000000000000000e+02 6.701636716730678955e-01
7.650000000000000000e+02 6.701726641461061007e-01
7.660000000000000000e+02 6.701816566191443059e-01
7.670000000000000000e+02 6.701906490921825110e-01
7.680000000000000000e+02 6.701996415652207162e-01
7.690000000000000000e+02 6.702086340382589214e-01
7.700000000000000000e+02 6.702176265112971265e-01
7.710000000000000000e+02 6.702266189843353317e-01
7.720000000000000000e+02 6.702356114573735368e-01
7.730000000000000000e+02 6.702446039304116310e-01
7.740000000000000000e+02 6.702535964034498361e-01
7.750000000000000000e+02 6.702625888764880413e-01
7.760000000000000000e+02 6.702696700398378393e-01
7.770000000000000000e+02 6.702702514351867036e-01
7.780000000000000000e+02 6.702708328305355678e-01
7.790000000000000000e+02 6.702714142258843211e-01
7.800000000000000000e+02 6.702719956212331853e-01
7.810000000000000000e+02 6.702725770165820496e-01
7.820000000000000000e+02 6.702731584119309138e-01
7.830000000000000000e+02 6.702737398072796671e-01
7.840000000000000000e+02 6.702743212026285313e-01
7.850000000000000000e+02 6.702749025979773956e-01
7.860000000000000000e+02 6.702754839933261488e-01
7.870000000000000000e+02 6.702760653886750131e-01
7.880000000000000000e+02 6.702550607275488126e-01
7.890000000000000000e+02 6.701519154661003119e-01
7.900000000000000000e+02 6.700487702046518113e-01
7.910000000000000000e+02 6.699456249432033106e-01
7.920000000000000000e+02 6.698424796817548099e-01
7.930000000000000000e+02 6.697393344203063092e-01
7.940000000000000000e+02 6.696361891588578086e-01
7.950000000000000000e+02 6.695330438974093079e-01
7.960000000000000000e+02 6.694298986359608072e-01
7.970000000000000000e+02 6.693267533745123066e-01
7.980000000000000000e+02 6.692236081130638059e-01
7.990000000000000000e+02 6.691204628516153052e-01
8.000000000000000000e+02 6.690188977911771806e-01
8.010000000000000000e+02 6.689241621122733461e-01
8.020000000000000000e+02 6.688294264333696226e-01
8.030000000000000000e+02 6.687346907544657881e-01
8.040000000000000000e+02 6.686399550755619536e-01
8.050000000000000000e+02 6.685452193966582302e-01
8.060000000000000000e+02 6.684504837177543957e-01
8.070000000000000000e+02 6.683557480388505612e-01
8.080000000000000000e+02 6.682610123599467267e-01
8.090000000000000000e+02 6.681662766810430032e-01
8.100000000000000000e+02 6.680715410021391687e-01
8.110000000000000000e+02 6.679768053232353342e-01
8.120000000000000000e+02 6.678792475593283706e-01
8.130000000000000000e+02 6.677676928365455788e-01
8.140000000000000000e+02 6.676561381137628981e-01
8.150000000000000000e+02 6.675445833909801063e-01
8.160000000000000000e+02 6.674330286681974256e-01
8.170000000000000000e+02 6.673214739454146338e-01
8.180000000000000000e+02 6.672099192226319531e-01
8.190000000000000000e+02 6.670983644998491613e-01
8.200000000000000000e+02 6.669868097770664805e-01
8.210000000000000000e+02 6.668752550542836888e-01
8.220000000000000000e+02 6.667637003315010080e-01
8.230000000000000000e+02 6.666521456087182163e-01
8.240000000000000000e+02 6.665310815206273443e-01
8.250000000000000000e+02 6.663550582875494843e-01
8.260000000000000000e+02 6.661790350544716244e-01
8.270000000000000000e+02 6.660030118213937644e-01
8.280000000000000000e+02 6.658269885883160155e-01
8.290000000000000000e+02 6.656509653552381556e-01
8.300000000000000000e+02 6.654749421221602956e-01
8.310000000000000000e+02 6.652989188890824357e-01
8.320000000000000000e+02 6.651228956560046868e-01
8.330000000000000000e+02 6.649468724229268268e-01
8.340000000000000000e+02 6.647708491898489669e-01
8.350000000000000000e+02 6.645948259567711069e-01
8.360000000000000000e+02 6.644092262979631736e-01
8.370000000000000000e+02 6.641575317287512492e-01
8.380000000000000000e+02 6.639058371595393249e-01
8.390000000000000000e+02 6.636541425903274005e-01
8.400000000000000000e+02 6.634024480211154762e-01
8.410000000000000000e+02 6.631507534519035518e-01
8.420000000000000000e+02 6.628990588826916275e-01
8.430000000000000000e+02 6.626473643134797031e-01
8.440000000000000000e+02 6.623956697442677788e-01
8.450000000000000000e+02 6.621439751750558544e-01
8.460000000000000000e+02 6.618922806058439301e-01
8.470000000000000000e+02 6.616405860366321168e-01
8.480000000000000000e+02 6.613774359099376943e-01
8.490000000000000000e+02 6.610164556256225010e-01
8.500000000000000000e+02 6.606554753413074188e-01
8.510000000000000000e+02 6.602944950569922256e-01
8.520000000000000000e+02 6.599335147726771433e-01
8.530000000000000000e+02 6.595725344883620611e-01
8.540000000000000000e+02 6.592115542040468679e-01
8.550000000000000000e+02 6.588505739197317856e-01
8.560000000000000000e+02 6.584895936354167034e-01
8.570000000000000000e+02 6.581286133511015102e-01
8.580000000000000000e+02 6.577676330667864280e-01
8.590000000000000000e+02 6.574066527824713457e-01
8.600000000000000000e+02 6.570484285105697708e-01
8.610000000000000000e+02 6.567210724195229332e-01
8.620000000000000000e+02 6.563937163284760956e-01
8.630000000000000000e+02 6.560663602374292580e-01
8.640000000000000000e+02 6.557390041463824204e-01
8.650000000000000000e+02 6.554116480553355828e-01
8.660000000000000000e+02 6.550842919642886342e-01
8.670000000000000000e+02 6.547569358732417966e-01
8.680000000000000000e+02 6.544295797821949590e-01
8.690000000000000000e+02 6.541022236911481214e-01
8.700000000000000000e+02 6.537748676001012837e-01
8.710000000000000000e+02 6.534475115090544461e-01
8.720000000000000000e+02 6.531141584112889475e-01
8.730000000000000000e+02 6.526859355545167052e-01
8.740000000000000000e+02 6.522577126977443518e-01
8.750000000000000000e+02 6.518294898409719984e-01
8.760000000000000000e+02 6.514012669841996450e-01
8.770000000000000000e+02 6.509730441274272916e-01
8.780000000000000000e+02 6.505448212706549382e-01
8.790000000000000000e+02 6.501165984138825849e-01
8.800000000000000000e+02 6.496883755571103425e-01
8.810000000000000000e+02 6.492601527003379891e-01
8.820000000000000000e+02 6.488319298435656357e-01
8.830000000000000000e+02 6.484037069867932823e-01
8.840000000000000000e+02 6.479683433651665103e-01
8.850000000000000000e+02 6.473412399420614971e-01
8.860000000000000000e+02 6.467141365189564839e-01
8.870000000000000000e+02 6.460870330958514707e-01
8.880000000000000000e+02 6.454599296727465685e-01
8.890000000000000000e+02 6.448328262496415553e-01
8.900000000000000000e+02 6.442057228265365421e-01
8.910000000000000000e+02 6.435786194034315288e-01
8.920000000000000000e+02 6.429515159803265156e-01
8.930000000000000000e+02 6.423244125572216134e-01
8.940000000000000000e+02 6.416973091341166002e-01
8.950000000000000000e+02 6.410702057110115870e-01
8.960000000000000000e+02 6.404417212946532656e-01
8.970000000000000000e+02 6.396806018204348465e-01
8.980000000000000000e+02 6.389194823462165385e-01
8.990000000000000000e+02 6.381583628719981194e-01
9.000000000000000000e+02 6.373972433977798113e-01
9.010000000000000000e+02 6.366361239235613922e-01
9.020000000000000000e+02 6.358750044493429732e-01
9.030000000000000000e+02 6.351138849751246651e-01
9.040000000000000000e+02 6.343527655009062460e-01
9.050000000000000000e+02 6.335916460266879380e-01
9.060000000000000000e+02 6.327437878442961905e-01
9.070000000000000000e+02 6.314725807500147781e-01
9.080000000000000000e+02 6.302013736557334767e-01
9.090000000000000000e+02 6.289301665614521752e-01
9.100000000000000000e+02 6.276589594671708738e-01
9.110000000000000000e+02 6.263877523728895724e-01
9.120000000000000000e+02 6.251165452786082710e-01
9.130000000000000000e+02 6.238538526689025865e-01
9.140000000000000000e+02 6.225966726361784609e-01
9.150000000000000000e+02 6.213394926034543353e-01
9.160000000000000000e+02 6.200823125707303207e-01
9.170000000000000000e+02 6.188251325380061951e-01
9.180000000000000000e+02 6.175679525052820695e-01
9.190000000000000000e+02 6.163107724725580550e-01
9.200000000000000000e+02 6.144929121832699570e-01
9.210000000000000000e+02 6.121078909652404310e-01
9.220000000000000000e+02 6.097228697472109049e-01
9.230000000000000000e+02 6.073616976184793570e-01
9.240000000000000000e+02 6.051543085244048825e-01
9.250000000000000000e+02 6.029469194303305191e-01
9.260000000000000000e+02 6.007395303362561556e-01
9.270000000000000000e+02 5.981668299236492237e-01
9.280000000000000000e+02 5.950004595506711569e-01
9.290000000000000000e+02 5.918340891776930901e-01
9.300000000000000000e+02 5.879255649999454159e-01
9.310000000000000000e+02 5.831432848517246192e-01
9.320000000000000000e+02 5.789012848202517159e-01
9.330000000000000000e+02 5.750880103348909866e-01
9.340000000000000000e+02 5.712747358495301464e-01
9.350000000000000000e+02 5.670277394164524587e-01
9.360000000000000000e+02 5.627124517989325891e-01
9.370000000000000000e+02 5.555854285027648221e-01
9.380000000000000000e+02 5.419162187906706452e-01
9.390000000000000000e+02 5.342028816260093738e-01
9.400000000000000000e+02 5.270920915440592269e-01
9.410000000000000000e+02 5.130838382687284982e-01
9.420000000000000000e+02 4.985567399792864562e-01
9.430000000000000000e+02 4.873889003791128660e-01
9.440000000000000000e+02 4.757058780233923145e-01
9.450000000000000000e+02 4.575993951442807184e-01
9.460000000000000000e+02 4.525165888173103279e-01
9.470000000000000000e+02 4.471680198395729389e-01
9.480000000000000000e+02 4.416313921344464655e-01
9.490000000000000000e+02 4.280466743934464025e-01
9.500000000000000000e+02 4.229895460361243198e-01
9.510000000000000000e+02 4.185965544346184619e-01
9.520000000000000000e+02 4.142011882611547069e-01
9.530000000000000000e+02 4.097822976396355843e-01
9.540000000000000000e+02 4.053634070181164062e-01
9.550000000000000000e+02 3.972846762241383223e-01
9.560000000000000000e+02 3.910534416622570841e-01
9.570000000000000000e+02 3.866819989248302392e-01
9.580000000000000000e+02 3.823468509385308245e-01
9.590000000000000000e+02 3.781646977635259033e-01
9.600000000000000000e+02 3.739825445885209820e-01
9.610000000000000000e+02 3.711512067753827693e-01
9.620000000000000000e+02 3.684063369596453641e-01
9.630000000000000000e+02 3.656614671439079034e-01
9.640000000000000000e+02 3.628331590334634149e-01
9.650000000000000000e+02 3.595320830165810166e-01
9.660000000000000000e+02 3.562310069996986184e-01
9.670000000000000000e+02 3.529299309828162201e-01
9.680000000000000000e+02 3.500886174018357222e-01
9.690000000000000000e+02 3.473111967606815065e-01
9.700000000000000000e+02 3.445337761195273463e-01
9.710000000000000000e+02 3.415699483949006243e-01
9.720000000000000000e+02 3.384777678559626191e-01
9.730000000000000000e+02 3.353855873170246138e-01
9.740000000000000000e+02 3.324257198029150762e-01
9.750000000000000000e+02 3.297102712648850575e-01
9.760000000000000000e+02 3.269948227268550389e-01
9.770000000000000000e+02 3.240455615991026384e-01
9.780000000000000000e+02 3.201372001063736983e-01
9.790000000000000000e+02 3.162344566384178712e-01
9.800000000000000000e+02 3.139979939822491461e-01
9.810000000000000000e+02 3.117615313260804211e-01
9.820000000000000000e+02 3.095250686699117515e-01
9.830000000000000000e+02 3.072886060137430264e-01
9.840000000000000000e+02 3.050451119481052964e-01
9.850000000000000000e+02 3.026231293568777403e-01
9.860000000000000000e+02 3.002011467656501842e-01
9.870000000000000000e+02 2.977791641744226281e-01
9.880000000000000000e+02 2.958725752636117146e-01
9.890000000000000000e+02 2.947352286991238857e-01
9.900000000000000000e+02 2.935978821346360568e-01
9.910000000000000000e+02 2.924605355701482834e-01
9.920000000000000000e+02 2.913231890056604545e-01
9.930000000000000000e+02 2.901858424411726811e-01
9.940000000000000000e+02 2.890484958766848522e-01
9.950000000000000000e+02 2.883053986501389332e-01
9.960000000000000000e+02 2.882330891172921739e-01
9.970000000000000000e+02 2.881607795844453590e-01
9.980000000000000000e+02 2.880884700515985442e-01
9.990000000000000000e+02 2.880161605187517848e-01
1.000000000000000000e+03 2.879438509859049700e-01
1.001000000000000000e+03 2.878715414530581551e-01
1.002000000000000000e+03 2.877992319202113958e-01
1.003000000000000000e+03 2.877269223873645809e-01
1.004000000000000000e+03 2.876546128545177661e-01
1.005000000000000000e+03 2.875823033216710067e-01
1.006000000000000000e+03 2.875099937888241919e-01
1.007000000000000000e+03 2.877737188870940210e-01
1.008000000000000000e+03 2.886607092243690387e-01
1.009000000000000000e+03 2.895476995616441118e-01
1.010000000000000000e+03 2.904346898989191295e-01
1.011000000000000000e+03 2.913216802361941471e-01
1.012000000000000000e+03 2.922086705734691647e-01
1.013000000000000000e+03 2.930956609107441824e-01
1.014000000000000000e+03 2.939826512480192000e-01
1.015000000000000000e+03 2.948696415852942176e-01
1.016000000000000000e+03 2.960351706550931050e-01
1.017000000000000000e+03 2.980283540676224585e-01
1.018000000000000000e+03 3.000215374801518120e-01
1.019000000000000000e+03 3.020147208926811655e-01
1.020000000000000000e+03 3.041084965216290237e-01
1.021000000000000000e+03 3.065004580385391475e-01
1.022000000000000000e+03 3.088924195554492713e-01
1.023000000000000000e+03 3.112843810723593951e-01
1.024000000000000000e+03 3.136464072971241746e-01
1.025000000000000000e+03 3.159800936957261608e-01
1.026000000000000000e+03 3.183137800943281470e-01
1.027000000000000000e+03 3.206561499384991687e-01
1.028000000000000000e+03 3.230902193804822686e-01
1.029000000000000000e+03 3.255242888224653686e-01
1.030000000000000000e+03 3.279583582644484130e-01
1.031000000000000000e+03 3.307423289011545142e-01
1.032000000000000000e+03 3.341816428545525963e-01
1.033000000000000000e+03 3.376209568079506229e-01
1.034000000000000000e+03 3.422687301749263722e-01
1.035000000000000000e+03 3.476431884264331584e-01
1.036000000000000000e+03 3.516521056506448084e-01
1.037000000000000000e+03 3.553963459539401515e-01
1.038000000000000000e+03 3.590667167289067763e-01
1.039000000000000000e+03 3.619793262402267175e-01
1.040000000000000000e+03 3.648919357515467143e-01
1.041000000000000000e+03 3.679701015477976900e-01
1.042000000000000000e+03 3.717906224829367057e-01
1.043000000000000000e+03 3.756111434180756659e-01
1.044000000000000000e+03 3.782460019831728748e-01
1.045000000000000000e+03 3.804747648063824816e-01
1.046000000000000000e+03 3.827035276295921440e-01
1.047000000000000000e+03 3.849322904528017508e-01
1.048000000000000000e+03 3.872869259001429088e-01
1.049000000000000000e+03 3.897494759985778434e-01
1.050000000000000000e+03 3.922120260970127226e-01
1.051000000000000000e+03 3.946745761954476572e-01
1.052000000000000000e+03 3.965672797793686200e-01
1.053000000000000000e+03 3.984083327940477481e-01
1.054000000000000000e+03 4.002493858087268208e-01
1.055000000000000000e+03 4.020904388234059490e-01
1.056000000000000000e+03 4.039357463079114030e-01
1.057000000000000000e+03 4.063280457575749183e-01
1.058000000000000000e+03 4.087203452072384335e-01
1.059000000000000000e+03 4.111126446569018933e-01
1.060000000000000000e+03 4.133878840423282908e-01
1.061000000000000000e+03 4.151681696377809705e-01
1.062000000000000000e+03 4.169484552332336502e-01
1.063000000000000000e+03 4.187287408286863299e-01
1.064000000000000000e+03 4.205090264241390097e-01
1.065000000000000000e+03 4.222893120195916894e-01
1.066000000000000000e+03 4.241590439590215422e-01
1.067000000000000000e+03 4.261322676693815592e-01
1.068000000000000000e+03 4.281054913797415762e-01
1.069000000000000000e+03 4.300787150901015377e-01
1.070000000000000000e+03 4.316431489707752145e-01
1.071000000000000000e+03 4.328965085165413229e-01
1.072000000000000000e+03 4.341498680623074868e-01
1.073000000000000000e+03 4.354032276080736508e-01
1.074000000000000000e+03 4.366565871538397592e-01
1.075000000000000000e+03 4.379099466996059231e-01
1.076000000000000000e+03 4.391633062453720870e-01
1.077000000000000000e+03 4.402826841423744253e-01
1.078000000000000000e+03 4.412929865147879882e-01
1.079000000000000000e+03 4.423032888872015511e-01
1.080000000000000000e+03 4.433135912596151140e-01
1.081000000000000000e+03 4.443238936320286769e-01
1.082000000000000000e+03 4.453341960044422398e-01
1.083000000000000000e+03 4.463444983768558028e-01
1.084000000000000000e+03 4.473548007492693657e-01
1.085000000000000000e+03 4.482642023963638866e-01
1.086000000000000000e+03 4.489968905976640112e-01
1.087000000000000000e+03 4.497295787989641358e-01
1.088000000000000000e+03 4.504622670002642604e-01
1.089000000000000000e+03 4.511949552015643850e-01
1.090000000000000000e+03 4.519276434028645095e-01
1.091000000000000000e+03 4.526603316041646341e-01
1.092000000000000000e+03 4.533930198054647587e-01
1.093000000000000000e+03 4.541257080067648833e-01
1.094000000000000000e+03 4.548583962080650078e-01
1.095000000000000000e+03 4.555910844093651324e-01
1.096000000000000000e+03 4.555713793781662191e-01
1.097000000000000000e+03 4.555439247235115729e-01
1.098000000000000000e+03 4.555164700688569268e-01
1.099000000000000000e+03 4.554890154142022807e-01
1.100000000000000000e+03 4.554615607595475790e-01
1.101000000000000000e+03 4.554341061048929329e-01
1.102000000000000000e+03 4.554066514502382867e-01
1.103000000000000000e+03 4.553791967955836406e-01
1.104000000000000000e+03 4.553517421409289945e-01
1.105000000000000000e+03 4.553242874862743483e-01
1.106000000000000000e+03 4.552968328316197022e-01
1.107000000000000000e+03 4.552693781769650561e-01
1.108000000000000000e+03 4.543550392945363559e-01
1.109000000000000000e+03 4.534136330910538137e-01
1.110000000000000000e+03 4.524722268875712716e-01
1.111000000000000000e+03 4.515308206840887295e-01
1.112000000000000000e+03 4.505894144806061874e-01
1.113000000000000000e+03 4.496480082771236453e-01
1.114000000000000000e+03 4.487066020736411032e-01
1.115000000000000000e+03 4.477651958701585611e-01
1.116000000000000000e+03 4.468237896666760189e-01
1.117000000000000000e+03 4.451057444468924373e-01
1.118000000000000000e+03 4.430143929318779428e-01
1.119000000000000000e+03 4.409230414168634482e-01
1.120000000000000000e+03 4.388316899018489536e-01
1.121000000000000000e+03 4.367403383868345146e-01
1.122000000000000000e+03 4.345753145746302781e-01
1.123000000000000000e+03 4.322924835099076768e-01
1.124000000000000000e+03 4.300096524451850755e-01
1.125000000000000000e+03 4.277268213804624741e-01
1.126000000000000000e+03 4.254439903157398728e-01
1.127000000000000000e+03 4.231241115976853151e-01
1.128000000000000000e+03 4.207962720380312160e-01
1.129000000000000000e+03 4.184684324783771170e-01
1.130000000000000000e+03 4.161405929187230179e-01
1.131000000000000000e+03 4.137993108487494354e-01
1.132000000000000000e+03 4.114457192039536193e-01
1.133000000000000000e+03 4.090921275591577477e-01
1.134000000000000000e+03 4.065483518218981907e-01
1.135000000000000000e+03 4.030003007076760624e-01
1.136000000000000000e+03 3.994522495934539341e-01
1.137000000000000000e+03 3.953905057584380378e-01
1.138000000000000000e+03 3.911877323145470098e-01
1.139000000000000000e+03 3.883908970554827422e-01
1.140000000000000000e+03 3.858373279813060441e-01
1.141000000000000000e+03 3.832837589071293460e-01
1.142000000000000000e+03 3.806989105749613023e-01
1.143000000000000000e+03 3.780692223102009031e-01
1.144000000000000000e+03 3.754395340454405594e-01
1.145000000000000000e+03 3.728098457806802157e-01
1.146000000000000000e+03 3.696640501589623096e-01
1.147000000000000000e+03 3.662478996367214412e-01
1.148000000000000000e+03 3.628317491144805729e-01
1.149000000000000000e+03 3.582415351122540947e-01
1.150000000000000000e+03 3.531033049759488840e-01
1.151000000000000000e+03 3.489646082397244720e-01
1.152000000000000000e+03 3.450752100148149482e-01
1.153000000000000000e+03 3.412191657205150830e-01
1.154000000000000000e+03 3.375331107574500722e-01
1.155000000000000000e+03 3.338470557943850614e-01
1.156000000000000000e+03 3.277686373313978274e-01
1.157000000000000000e+03 3.194931113891407715e-01
1.158000000000000000e+03 3.157778652874274061e-01
1.159000000000000000e+03 3.120626191857140963e-01
1.160000000000000000e+03 3.079071133428087359e-01
1.161000000000000000e+03 3.037268099660270781e-01
1.162000000000000000e+03 2.998421775295896374e-01
1.163000000000000000e+03 2.960044100556052382e-01
1.164000000000000000e+03 2.916063117729298382e-01
1.165000000000000000e+03 2.844633349353791751e-01
1.166000000000000000e+03 2.769672579135530333e-01
1.167000000000000000e+03 2.688526470490636977e-01
1.168000000000000000e+03 2.601474709709885036e-01
1.169000000000000000e+03 2.415738117736520030e-01
1.170000000000000000e+03 2.340706500829676795e-01
1.171000000000000000e+03 2.246350518781805305e-01
1.172000000000000000e+03 2.170518103903478213e-01
1.173000000000000000e+03 2.019144465604790495e-01
1.174000000000000000e+03 1.927790167473138194e-01
1.175000000000000000e+03 1.861596938438199733e-01
1.176000000000000000e+03 1.757072718513716103e-01
1.177000000000000000e+03 1.744298467981366951e-01
1.178000000000000000e+03 1.662588912009107800e-01
1.179000000000000000e+03 1.539300926208288234e-01
1.180000000000000000e+03 1.495932195214417226e-01
1.181000000000000000e+03 1.452563464220546219e-01
1.182000000000000000e+03 1.409849718837256349e-01
1.183000000000000000e+03 1.368108730814606988e-01
1.184000000000000000e+03 1.326367742791957904e-01
1.185000000000000000e+03 1.291741833620074775e-01
1.186000000000000000e+03 1.260765592374741284e-01
1.187000000000000000e+03 1.229789351129407793e-01
1.188000000000000000e+03 1.201796840912790210e-01
1.189000000000000000e+03 1.180899534546570734e-01
1.190000000000000000e+03 1.160002228180351258e-01
1.191000000000000000e+03 1.139104921814131643e-01
1.192000000000000000e+03 1.118207615447912168e-01
1.193000000000000000e+03 1.104781649265444837e-01
1.194000000000000000e+03 1.091387295523050666e-01
1.195000000000000000e+03 1.077992941780656494e-01
1.196000000000000000e+03 1.064598588038262184e-01
1.197000000000000000e+03 1.051204234295868012e-01
1.198000000000000000e+03 1.037809880553473840e-01
1.199000000000000000e+03 1.025194415814411342e-01
1.200000000000000000e+03 1.012595404962665091e-01
1.201000000000000000e+03 9.999963941109188403e-02
1.202000000000000000e+03 9.873973832591725897e-02
1.203000000000000000e+03 9.747983724074263390e-02
1.204000000000000000e+03 9.621993615556800883e-02
1.205000000000000000e+03 9.510062543615047104e-02
1.206000000000000000e+03 9.417841138312511851e-02
1.207000000000000000e+03 9.325619733009975210e-02
1.208000000000000000e+03 9.233398327707439956e-02
1.209000000000000000e+03 9.141176922404904703e-02
1.210000000000000000e+03 9.048955517102369450e-02
1.211000000000000000e+03 8.956734111799832809e-02
1.212000000000000000e+03 8.864512706497297556e-02
1.213000000000000000e+03 8.772291301194762303e-02
1.214000000000000000e+03 8.680069895892225662e-02
1.215000000000000000e+03 8.610121009422315452e-02
1.216000000000000000e+03 8.556653568237582164e-02
1.217000000000000000e+03 8.503186127052848875e-02
1.218000000000000000e+03 8.449718685868115586e-02
1.219000000000000000e+03 8.396251244683382298e-02
1.220000000000000000e+03 8.342783803498649009e-02
1.221000000000000000e+03 8.289316362313917108e-02
1.222000000000000000e+03 8.235848921129183819e-02
1.223000000000000000e+03 8.182381479944450531e-02
1.224000000000000000e+03 8.128914038759717242e-02
1.225000000000000000e+03 8.075446597574983953e-02
1.226000000000000000e+03 8.021979156390250665e-02
1.227000000000000000e+03 7.977141344243715571e-02
1.228000000000000000e+03 7.939362178827924499e-02
1.229000000000000000e+03 7.901583013412133427e-02
1.230000000000000000e+03 7.863803847996342355e-02
1.231000000000000000e+03 7.826024682580549896e-02
1.232000000000000000e+03 7.788245517164758824e-02
1.233000000000000000e+03 7.750466351748967753e-02
1.234000000000000000e+03 7.712687186333176681e-02
1.235000000000000000e+03 7.674908020917384222e-02
1.236000000000000000e+03 7.637128855501593150e-02
1.237000000000000000e+03 7.599349690085802078e-02
1.238000000000000000e+03 7.561570524670011006e-02
1.239000000000000000e+03 7.530584861746723868e-02
1.240000000000000000e+03 7.505695651530765178e-02
1.241000000000000000e+03 7.480806441314806488e-02
1.242000000000000000e+03 7.455917231098847797e-02
1.243000000000000000e+03 7.431028020882889107e-02
1.244000000000000000e+03 7.406138810666930417e-02
1.245000000000000000e+03 7.381249600450971726e-02
1.246000000000000000e+03 7.356360390235013036e-02
1.247000000000000000e+03 7.331471180019054346e-02
1.248000000000000000e+03 7.306581969803095655e-02
1.249000000000000000e+03 7.281692759587136965e-02
1.250000000000000000e+03 7.256803549371178275e-02
1.251000000000000000e+03 7.228657276339212068e-02
1.252000000000000000e+03 7.197322732491698294e-02
1.253000000000000000e+03 7.165988188644185908e-02
1.254000000000000000e+03 7.134653644796672134e-02
1.255000000000000000e+03 7.103319100949158360e-02
1.256000000000000000e+03 7.071984557101644586e-02
1.257000000000000000e+03 7.040650013254130812e-02
1.258000000000000000e+03 7.009315469406618426e-02
1.259000000000000000e+03 6.977980925559104652e-02
1.260000000000000000e+03 6.946646381711590879e-02
1.261000000000000000e+03 6.915311837864077105e-02
1.262000000000000000e+03 6.883977294016563331e-02
1.263000000000000000e+03 6.854537521656595134e-02
1.264000000000000000e+03 6.827126139558395423e-02
1.265000000000000000e+03 6.799714757460195713e-02
1.266000000000000000e+03 6.772303375361996003e-02
1.267000000000000000e+03 6.744891993263796293e-02
1.268000000000000000e+03 6.717480611165596582e-02
1.269000000000000000e+03 6.690069229067396872e-02
1.270000000000000000e+03 6.662657846969197162e-02
1.271000000000000000e+03 6.635246464870998839e-02
1.272000000000000000e+03 6.607835082772799129e-02
1.273000000000000000e+03 6.580423700674599419e-02
1.274000000000000000e+03 6.553012318576399708e-02
1.275000000000000000e+03 6.520950466094843634e-02
1.276000000000000000e+03 6.483451486811794839e-02
1.277000000000000000e+03 6.445952507528746045e-02
1.278000000000000000e+03 6.408453528245697250e-02
1.279000000000000000e+03 6.370954548962648456e-02
1.280000000000000000e+03 6.333455569679601049e-02
1.281000000000000000e+03 6.295956590396552255e-02
1.282000000000000000e+03 6.258457611113503460e-02
1.283000000000000000e+03 6.220958631830454666e-02
1.284000000000000000e+03 6.183459652547406565e-02
1.285000000000000000e+03 6.145960673264357771e-02
1.286000000000000000e+03 6.108461693981308976e-02
1.287000000000000000e+03 6.065686131913964468e-02
1.288000000000000000e+03 6.016140364089885006e-02
1.289000000000000000e+03 5.966594596265804851e-02
1.290000000000000000e+03 5.917048828441725389e-02
1.291000000000000000e+03 5.867503060617645233e-02
1.292000000000000000e+03 5.817957292793565771e-02
1.293000000000000000e+03 5.768411524969485615e-02
1.294000000000000000e+03 5.718865757145406153e-02
1.295000000000000000e+03 5.669319989321326692e-02
1.296000000000000000e+03 5.619774221497246536e-02
1.297000000000000000e+03 5.570228453673167074e-02
1.298000000000000000e+03 5.520682685849086918e-02
1.299000000000000000e+03 5.466904093358890271e-02
1.300000000000000000e+03 5.407128291246571239e-02
1.301000000000000000e+03 5.347352489134252207e-02
1.302000000000000000e+03 5.287576687021933175e-02
1.303000000000000000e+03 5.227800884909614143e-02
1.304000000000000000e+03 5.168025082797295111e-02
1.305000000000000000e+03 5.108249280684976079e-02
1.306000000000000000e+03 5.048473478572657047e-02
1.307000000000000000e+03 4.988697676460338015e-02
1.308000000000000000e+03 4.928921874348018983e-02
1.309000000000000000e+03 4.869146072235699951e-02
1.310000000000000000e+03 4.795796064290356459e-02
1.311000000000000000e+03 4.707839053199491114e-02
1.312000000000000000e+03 4.619882042108625075e-02
1.313000000000000000e+03 4.531925031017759731e-02
1.314000000000000000e+03 4.443968019926893692e-02
1.315000000000000000e+03 4.356011008836028348e-02
1.316000000000000000e+03 4.268053997745162309e-02
1.317000000000000000e+03 4.180096986654296964e-02
1.318000000000000000e+03 4.092139975563431620e-02
1.319000000000000000e+03 4.001126677503714923e-02
1.320000000000000000e+03 3.896839401374173339e-02
1.321000000000000000e+03 3.792552125244631755e-02
1.322000000000000000e+03 3.688264849115090172e-02
1.323000000000000000e+03 3.583977572985548588e-02
1.324000000000000000e+03 3.479690296856007004e-02
1.325000000000000000e+03 3.375403020726466113e-02
1.326000000000000000e+03 3.271115744596924529e-02
1.327000000000000000e+03 3.166828468467382945e-02
1.328000000000000000e+03 3.052407473243941294e-02
1.329000000000000000e+03 2.937831720677620828e-02
1.330000000000000000e+03 2.823255968111300709e-02
1.331000000000000000e+03 2.708680215544980591e-02
1.332000000000000000e+03 2.594104462978660472e-02
1.333000000000000000e+03 2.479528710412340353e-02
1.334000000000000000e+03 2.364952957846019888e-02
1.335000000000000000e+03 2.266023732663371981e-02
1.336000000000000000e+03 2.169314197467131500e-02
1.337000000000000000e+03 2.072604662270891018e-02
1.338000000000000000e+03 1.975895127074650190e-02
1.339000000000000000e+03 1.879185591878409708e-02
1.340000000000000000e+03 1.782476056682169227e-02
1.341000000000000000e+03 1.685766521485928746e-02
1.342000000000000000e+03 1.589056986289688264e-02
1.343000000000000000e+03 1.513021746959593988e-02
1.344000000000000000e+03 1.446981829482712513e-02
1.345000000000000000e+03 1.380941912005831038e-02
1.346000000000000000e+03 1.314901994528949736e-02
1.347000000000000000e+03 1.248862077052068260e-02
1.348000000000000000e+03 1.182822159575186785e-02
1.349000000000000000e+03 1.116782242098305483e-02
1.350000000000000000e+03 1.050742324621424181e-02
1.351000000000000000e+03 9.847024071445425325e-03
1.352000000000000000e+03 9.186624896676612306e-03
1.353000000000000000e+03 8.526225721907799288e-03
1.354000000000000000e+03 6.760963590882647541e-03
1.355000000000000000e+03 4.610368216289683317e-03
1.356000000000000000e+03 2.459772841696718226e-03
1.357000000000000000e+03 3.091774671037540029e-04
1.358000000000000000e+03 -6.849497563068086478e-04
1.359000000000000000e+03 -6.078717232649854000e-04
1.360000000000000000e+03 -5.307936902231621523e-04
1.361000000000000000e+03 -4.537156571813389587e-04
1.362000000000000000e+03 -3.766376241395157651e-04
1.363000000000000000e+03 -2.995595910976925173e-04
1.364000000000000000e+03 -2.224815580558692696e-04
1.365000000000000000e+03 -1.454035250140460218e-04
1.366000000000000000e+03 -6.832549197222277399e-05
1.367000000000000000e+03 8.752541069600473789e-06
1.368000000000000000e+03 8.583057411142361315e-05
1.369000000000000000e+03 -2.088238765963472030e-05
1.370000000000000000e+03 -1.497262548022140597e-04
1.371000000000000000e+03 -2.785701219447933585e-04
1.372000000000000000e+03 -4.074139890873726844e-04
1.373000000000000000e+03 -5.362578562299520103e-04
1.374000000000000000e+03 -6.651017233725313362e-04
1.375000000000000000e+03 -7.939455905151106621e-04
1.376000000000000000e+03 -9.227894576576899880e-04
1.377000000000000000e+03 -1.051633324800269314e-03
1.378000000000000000e+03 -1.180477191942848640e-03
1.379000000000000000e+03 -1.309321059085427966e-03
1.380000000000000000e+03 -1.438164926228007292e-03
1.381000000000000000e+03 -1.517745448284197772e-03
1.382000000000000000e+03 -1.528378634588374195e-03
1.383000000000000000e+03 -1.539011820892550834e-03
1.384000000000000000e+03 -1.549645007196727257e-03
1.385000000000000000e+03 -1.560278193500903680e-03
1.386000000000000000e+03 -1.570911379805080320e-03
1.387000000000000000e+03 -1.581544566109256743e-03
1.388000000000000000e+03 -1.592177752413433383e-03
1.389000000000000000e+03 -1.602810938717609806e-03
1.390000000000000000e+03 -1.613444125021786229e-03
1.391000000000000000e+03 -1.624077311325962869e-03
1.392000000000000000e+03 -1.634710497630139292e-03
1.393000000000000000e+03 -1.647106239447234787e-03
1.394000000000000000e+03 -1.662173589980468855e-03
1.395000000000000000e+03 -1.677240940513703140e-03
1.396000000000000000e+03 -1.692308291046937209e-03
1.397000000000000000e+03 -1.707375641580171277e-03
1.398000000000000000e+03 -1.722442992113405345e-03
1.399000000000000000e+03 -1.737510342646639630e-03
1.400000000000000000e+03 -1.752577693179873698e-03
