4.000000000000000000e+02 2.354482038881468725e+03
4.010000000000000000e+02 2.278429735980254463e+03
4.020000000000000000e+02 2.200248255115429856e+03
4.030000000000000000e+02 2.098401935867952488e+03
4.040000000000000000e+02 1.996555616620475121e+03
4.050000000000000000e+02 1.904730688426953748e+03
4.060000000000000000e+02 1.814979480951527421e+03
4.070000000000000000e+02 1.726785725669145450e+03
4.080000000000000000e+02 1.649594890395261700e+03
4.090000000000000000e+02 1.572404055121377951e+03
4.100000000000000000e+02 1.519567328516124235e+03
4.110000000000000000e+02 1.470330447866910163e+03
4.120000000000000000e+02 1.422483665267380729e+03
4.130000000000000000e+02 1.381017626365172191e+03
4.140000000000000000e+02 1.339551587462963653e+03
4.150000000000000000e+02 1.298085548560754887e+03
4.160000000000000000e+02 1.256619509658546349e+03
4.170000000000000000e+02 1.227198929796422590e+03
4.180000000000000000e+02 1.203086882422051985e+03
4.190000000000000000e+02 1.178974835047681609e+03
4.200000000000000000e+02 1.154862787673311004e+03
4.210000000000000000e+02 1.130750740298940400e+03
4.220000000000000000e+02 1.110874444250038096e+03
4.230000000000000000e+02 1.099637944269179570e+03
4.240000000000000000e+02 1.088401444288321045e+03
4.250000000000000000e+02 1.077164944307462747e+03
4.260000000000000000e+02 1.065928444326604222e+03
4.270000000000000000e+02 1.054691944345745696e+03
4.280000000000000000e+02 1.043455444364887171e+03
4.290000000000000000e+02 1.032218944384028646e+03
4.300000000000000000e+02 1.020982444403170234e+03
4.310000000000000000e+02 1.009745944422311709e+03
4.320000000000000000e+02 9.985094444414531836e+02
4.330000000000000000e+02 9.901623910164403242e+02
4.340000000000000000e+02 9.835176912521242230e+02
4.350000000000000000e+02 9.768729914878082354e+02
4.360000000000000000e+02 9.702282917234921342e+02
4.370000000000000000e+02 9.635835919591760330e+02
4.380000000000000000e+02 9.569388921948600455e+02
4.390000000000000000e+02 9.502941924305439443e+02
4.400000000000000000e+02 9.436494926662279568e+02
4.410000000000000000e+02 9.370047929019118556e+02
4.420000000000000000e+02 9.303600931375957543e+02
4.430000000000000000e+02 9.275410176989888669e+02
4.440000000000000000e+02 9.254950892180613664e+02
4.450000000000000000e+02 9.234491607371339796e+02
4.460000000000000000e+02 9.214032322562064792e+02
4.470000000000000000e+02 9.193573037752790924e+02
4.480000000000000000e+02 9.173113752943515919e+02
4.490000000000000000e+02 9.152654468134242052e+02
4.500000000000000000e+02 9.132195183324967047e+02
4.510000000000000000e+02 9.111735898515693179e+02
4.520000000000000000e+02 9.091276613706418175e+02
4.530000000000000000e+02 9.070817328897144307e+02
4.540000000000000000e+02 9.050358044087869303e+02
4.550000000000000000e+02 9.029898759278595435e+02
4.560000000000000000e+02 9.019986910161989044e+02
4.570000000000000000e+02 9.021056786412094652e+02
4.580000000000000000e+02 9.022126662662200260e+02
4.590000000000000000e+02 9.023196538912307005e+02
4.600000000000000000e+02 9.024266415162412613e+02
4.610000000000000000e+02 9.025336291412519358e+02
4.620000000000000000e+02 9.026406167662624966e+02
4.630000000000000000e+02 9.027476043912731711e+02
4.640000000000000000e+02 9.028545920162837319e+02
4.650000000000000000e+02 9.029615796412942927e+02
4.660000000000000000e+02 9.030685672663049672e+02
4.670000000000000000e+02 9.031755548913155280e+02
4.680000000000000000e+02 9.032825425163262025e+02
4.690000000000000000e+02 9.033895301413367633e+02
4.700000000000000000e+02 9.034965177663474378e+02
4.710000000000000000e+02 9.035556933347144195e+02
4.720000000000000000e+02 9.035366346315993269e+02
4.730000000000000000e+02 9.035175759284842343e+02
4.740000000000000000e+02 9.034985172253692554e+02
4.750000000000000000e+02 9.034794585222541627e+02
4.760000000000000000e+02 9.034603998191390701e+02
4.770000000000000000e+02 9.034413411160240912e+02
4.780000000000000000e+02 9.034222824129089986e+02
4.790000000000000000e+02 9.034032237097939060e+02
4.800000000000000000e+02 9.033841650066789271e+02
4.810000000000000000e+02 9.033651063035638344e+02
4.820000000000000000e+02 9.033460476004487418e+02
4.830000000000000000e+02 9.033269888973336492e+02
4.840000000000000000e+02 9.024100764561566166e+02
4.850000000000000000e+02 9.014305417927159851e+02
4.860000000000000000e+02 9.004510071292754674e+02
4.870000000000000000e+02 8.994714724658348359e+02
4.880000000000000000e+02 8.984919378023943182e+02
4.890000000000000000e+02 8.975124031389536867e+02
4.900000000000000000e+02 8.965328684755131690e+02
4.910000000000000000e+02 8.955533338120725375e+02
4.920000000000000000e+02 8.945737991486320198e+02
4.930000000000000000e+02 8.935942644851913883e+02
4.940000000000000000e+02 8.926147298217508705e+02
4.950000000000000000e+02 8.916351951583102391e+02
4.960000000000000000e+02 8.906556604948697213e+02
4.970000000000000000e+02 8.893183786141220253e+02
4.980000000000000000e+02 8.859954718150341932e+02
4.990000000000000000e+02 8.826725650159464749e+02
5.000000000000000000e+02 8.793496582168587565e+02
5.010000000000000000e+02 8.760267514177709245e+02
5.020000000000000000e+02 8.727038446186832061e+02
5.030000000000000000e+02 8.693809378195954878e+02
5.040000000000000000e+02 8.660580310205077694e+02
5.050000000000000000e+02 8.627351242214199374e+02
5.060000000000000000e+02 8.594122174223322190e+02
5.070000000000000000e+02 8.560893106232445007e+02
5.080000000000000000e+02 8.527206624518202034e+02
5.090000000000000000e+02 8.478349508855289969e+02
5.100000000000000000e+02 8.429492393192379041e+02
5.110000000000000000e+02 8.380635277529466975e+02
5.120000000000000000e+02 8.331778161866556047e+02
5.130000000000000000e+02 8.282921046203643982e+02
5.140000000000000000e+02 8.234063930540731917e+02
5.150000000000000000e+02 8.185206814877820989e+02
5.160000000000000000e+02 8.136349699214908924e+02
5.170000000000000000e+02 8.087492583551997996e+02
5.180000000000000000e+02 8.031974618866983064e+02
5.190000000000000000e+02 7.973322108840412739e+02
5.200000000000000000e+02 7.914669598813842413e+02
5.210000000000000000e+02 7.856017088787272087e+02
5.220000000000000000e+02 7.797364578760701761e+02
5.230000000000000000e+02 7.738712068734131435e+02
5.240000000000000000e+02 7.680059558707562246e+02
5.250000000000000000e+02 7.621407048680991920e+02
5.260000000000000000e+02 7.562221622330671380e+02
5.270000000000000000e+02 7.501115295214618754e+02
5.280000000000000000e+02 7.440008968098567266e+02
5.290000000000000000e+02 7.378902640982514640e+02
5.300000000000000000e+02 7.317796313866463151e+02
5.310000000000000000e+02 7.256689986750410526e+02
5.320000000000000000e+02 7.195583659634359037e+02
5.330000000000000000e+02 7.134037399989765618e+02
5.340000000000000000e+02 7.067983675220341411e+02
5.350000000000000000e+02 7.001929950450916067e+02
5.360000000000000000e+02 6.935876225681491860e+02
5.370000000000000000e+02 6.869822500912066516e+02
5.380000000000000000e+02 6.803768776142641173e+02
5.390000000000000000e+02 6.740233759311817039e+02
5.400000000000000000e+02 6.677579571830988243e+02
5.410000000000000000e+02 6.614925384350158311e+02
5.420000000000000000e+02 6.552271196869329515e+02
5.430000000000000000e+02 6.489617009388500719e+02
5.440000000000000000e+02 6.426962821907671923e+02
5.450000000000000000e+02 6.374268394029078308e+02
5.460000000000000000e+02 6.322129112926355674e+02
5.470000000000000000e+02 6.269989831823631903e+02
5.480000000000000000e+02 6.217850550720908132e+02
5.490000000000000000e+02 6.165711269618184360e+02
5.500000000000000000e+02 6.113571988515461726e+02
5.510000000000000000e+02 6.061432707412737955e+02
5.520000000000000000e+02 6.008110247815010325e+02
5.530000000000000000e+02 5.952801273961239303e+02
5.540000000000000000e+02 5.897492300107467145e+02
5.550000000000000000e+02 5.842183326253696123e+02
5.560000000000000000e+02 5.786874352399925101e+02
5.570000000000000000e+02 5.731565378546152942e+02
5.580000000000000000e+02 5.676256404692381921e+02
5.590000000000000000e+02 5.623517907533378093e+02
5.600000000000000000e+02 5.578805386655087659e+02
5.610000000000000000e+02 5.534092865776798362e+02
5.620000000000000000e+02 5.489380344898509065e+02
5.630000000000000000e+02 5.444667824020219768e+02
5.640000000000000000e+02 5.399955303141930472e+02
5.650000000000000000e+02 5.355345296491790350e+02
5.660000000000000000e+02 5.328745048444353642e+02
5.670000000000000000e+02 5.302144800396915798e+02
5.680000000000000000e+02 5.275544552349479090e+02
5.690000000000000000e+02 5.248944304302041246e+02
5.700000000000000000e+02 5.222344056254604538e+02
5.710000000000000000e+02 5.195743808207166694e+02
5.720000000000000000e+02 5.169143560159729986e+02
5.730000000000000000e+02 5.143877559500047028e+02
5.740000000000000000e+02 5.118786432703528249e+02
5.750000000000000000e+02 5.093695305907008901e+02
5.760000000000000000e+02 5.068604179110489554e+02
5.770000000000000000e+02 5.043513052313970206e+02
5.780000000000000000e+02 5.018421925517450859e+02
5.790000000000000000e+02 4.993330798720931512e+02
5.800000000000000000e+02 4.968239671924412164e+02
5.810000000000000000e+02 4.943148545127892817e+02
5.820000000000000000e+02 4.918710060059954685e+02
5.830000000000000000e+02 4.900694673664102083e+02
5.840000000000000000e+02 4.882679287268248913e+02
5.850000000000000000e+02 4.864663900872396312e+02
5.860000000000000000e+02 4.846648514476543710e+02
5.870000000000000000e+02 4.828633128080691108e+02
5.880000000000000000e+02 4.810617741684837938e+02
5.890000000000000000e+02 4.792602355288985336e+02
5.900000000000000000e+02 4.774586968893132735e+02
5.910000000000000000e+02 4.756571582497279564e+02
5.920000000000000000e+02 4.738556196101426963e+02
5.930000000000000000e+02 4.719511582298191001e+02
5.940000000000000000e+02 4.700297967703588711e+02
5.950000000000000000e+02 4.681084353108986988e+02
5.960000000000000000e+02 4.661870738514384698e+02
5.970000000000000000e+02 4.642657123919782975e+02
5.980000000000000000e+02 4.623443509325180685e+02
5.990000000000000000e+02 4.604229894730578962e+02
6.000000000000000000e+02 4.585016280135976672e+02
6.010000000000000000e+02 4.565802665541374949e+02
6.020000000000000000e+02 4.546589050946772659e+02
6.030000000000000000e+02 4.533187239322614346e+02
6.040000000000000000e+02 4.523280589113954306e+02
6.050000000000000000e+02 4.513373938905294835e+02
6.060000000000000000e+02 4.503467288696634796e+02
6.070000000000000000e+02 4.493560638487975325e+02
6.080000000000000000e+02 4.483653988279315286e+02
6.090000000000000000e+02 4.473747338070655246e+02
6.100000000000000000e+02 4.463840687861995775e+02
6.110000000000000000e+02 4.453934037653335736e+02
6.120000000000000000e+02 4.444027387444676265e+02
6.130000000000000000e+02 4.434120737236016225e+02
6.140000000000000000e+02 4.424065759207790620e+02
6.150000000000000000e+02 4.411747348147967500e+02
6.160000000000000000e+02 4.399428937088143812e+02
6.170000000000000000e+02 4.387110526028320123e+02
6.180000000000000000e+02 4.374792114968497003e+02
6.190000000000000000e+02 4.362473703908673315e+02
6.200000000000000000e+02 4.350155292848849626e+02
6.210000000000000000e+02 4.337836881789025938e+02
6.220000000000000000e+02 4.325518470729202818e+02
6.230000000000000000e+02 4.313200059669379129e+02
6.240000000000000000e+02 4.300881648609555441e+02
6.250000000000000000e+02 4.288563237549731753e+02
6.260000000000000000e+02 4.276360331664538421e+02
6.270000000000000000e+02 4.266277964575767214e+02
6.280000000000000000e+02 4.256195597486996007e+02
6.290000000000000000e+02 4.246113230398224800e+02
6.300000000000000000e+02 4.236030863309453594e+02
6.310000000000000000e+02 4.225948496220682387e+02
6.320000000000000000e+02 4.215866129131911180e+02
6.330000000000000000e+02 4.205783762043139973e+02
6.340000000000000000e+02 4.195701394954368766e+02
6.350000000000000000e+02 4.185619027865597559e+02
6.360000000000000000e+02 4.175536660776826352e+02
6.370000000000000000e+02 4.165454293688055145e+02
6.380000000000000000e+02 4.155371926599283938e+02
6.390000000000000000e+02 4.143549249807734896e+02
6.400000000000000000e+02 4.130559508098772881e+02
6.410000000000000000e+02 4.117569766389811434e+02
6.420000000000000000e+02 4.104580024680849419e+02
6.430000000000000000e+02 4.091590282971887405e+02
6.440000000000000000e+02 4.078600541262925390e+02
6.450000000000000000e+02 4.065610799553963943e+02
6.460000000000000000e+02 4.052621057845001928e+02
6.470000000000000000e+02 4.039631316136039914e+02
6.480000000000000000e+02 4.026641574427078467e+02
6.490000000000000000e+02 4.013651832718116452e+02
6.500000000000000000e+02 3.996854435787795978e+02
6.510000000000000000e+02 3.979735275597082591e+02
6.520000000000000000e+02 3.962616115406369204e+02
6.530000000000000000e+02 3.945496955215655248e+02
6.540000000000000000e+02 3.928377795024941861e+02
6.550000000000000000e+02 3.911258634834227905e+02
6.560000000000000000e+02 3.894139474643514518e+02
6.570000000000000000e+02 3.877020314452800562e+02
6.580000000000000000e+02 3.859901154262087175e+02
6.590000000000000000e+02 3.842781994071373788e+02
6.600000000000000000e+02 3.826008701023972662e+02
6.610000000000000000e+02 3.810319268627529823e+02
6.620000000000000000e+02 3.794629836231086415e+02
6.630000000000000000e+02 3.778940403834643575e+02
6.640000000000000000e+02 3.763250971438200736e+02
6.650000000000000000e+02 3.747561539041757328e+02
6.660000000000000000e+02 3.731872106645314489e+02
6.670000000000000000e+02 3.716182674248871649e+02
6.680000000000000000e+02 3.700493241852428241e+02
6.690000000000000000e+02 3.684803809455985402e+02
6.700000000000000000e+02 3.669114377059542562e+02
6.710000000000000000e+02 3.652687784831221052e+02
6.720000000000000000e+02 3.630713684849146148e+02
6.730000000000000000e+02 3.608739584867070676e+02
6.740000000000000000e+02 3.586765484884995203e+02
6.750000000000000000e+02 3.564791384902920299e+02
6.760000000000000000e+02 3.542817284920844827e+02
6.770000000000000000e+02 3.520843184938769923e+02
6.780000000000000000e+02 3.498869084956694451e+02
6.790000000000000000e+02 3.477121354262250179e+02
6.800000000000000000e+02 3.455560144032945686e+02
6.810000000000000000e+02 3.433998933803641762e+02
6.820000000000000000e+02 3.412437723574337269e+02
6.830000000000000000e+02 3.390876513345033345e+02
6.840000000000000000e+02 3.369315303115728852e+02
6.850000000000000000e+02 3.347754092886424928e+02
6.860000000000000000e+02 3.326192882657120435e+02
6.870000000000000000e+02 3.305155437267778780e+02
6.880000000000000000e+02 3.284575890387786785e+02
6.890000000000000000e+02 3.263996343507795359e+02
6.900000000000000000e+02 3.243416796627803365e+02
6.910000000000000000e+02 3.222837249747811370e+02
6.920000000000000000e+02 3.202257702867819376e+02
6.930000000000000000e+02 3.181678155987827950e+02
6.940000000000000000e+02 3.169419094195265529e+02
6.950000000000000000e+02 3.158575375919079420e+02
6.960000000000000000e+02 3.147731657642893879e+02
6.970000000000000000e+02 3.136887939366708338e+02
6.980000000000000000e+02 3.126044221090522797e+02
6.990000000000000000e+02 3.115200502814336687e+02
7.000000000000000000e+02 3.104356784538151146e+02
7.010000000000000000e+02 3.093513066261965605e+02
7.020000000000000000e+02 3.082669347985779496e+02
7.030000000000000000e+02 3.071827331617001846e+02
7.040000000000000000e+02 3.061009009174612174e+02
7.050000000000000000e+02 3.050190686732222503e+02
7.060000000000000000e+02 3.039372364289832831e+02
7.070000000000000000e+02 3.028554041847443159e+02
7.080000000000000000e+02 3.017735719405053487e+02
7.090000000000000000e+02 3.006917396962663815e+02
7.100000000000000000e+02 2.996099074520274144e+02
7.110000000000000000e+02 2.985280752077885040e+02
7.120000000000000000e+02 2.974693874430590199e+02
7.130000000000000000e+02 2.965245775252464000e+02
7.140000000000000000e+02 2.955797676074337801e+02
7.150000000000000000e+02 2.946349576896211602e+02
7.160000000000000000e+02 2.936901477718084834e+02
7.170000000000000000e+02 2.927453378539958635e+02
7.180000000000000000e+02 2.918005279361832436e+02
7.190000000000000000e+02 2.908557180183706237e+02
7.200000000000000000e+02 2.899109081005580038e+02
7.210000000000000000e+02 2.889660981827453838e+02
7.220000000000000000e+02 2.880212882649327639e+02
7.230000000000000000e+02 2.870764783471201440e+02
7.240000000000000000e+02 2.861316684293075241e+02
7.250000000000000000e+02 2.850496070654349410e+02
7.260000000000000000e+02 2.839122405430401841e+02
7.270000000000000000e+02 2.827748740206454272e+02
7.280000000000000000e+02 2.816375074982507272e+02
7.290000000000000000e+02 2.805001409758559703e+02
7.300000000000000000e+02 2.793627744534612702e+02
7.310000000000000000e+02 2.782254079310665134e+02
7.320000000000000000e+02 2.770880414086718133e+02
7.330000000000000000e+02 2.759506748862770564e+02
7.340000000000000000e+02 2.747499106909659190e+02
7.350000000000000000e+02 2.735346081964183895e+02
7.360000000000000000e+02 2.723193057018708600e+02
7.370000000000000000e+02 2.711040032073232737e+02
7.380000000000000000e+02 2.698887007127757443e+02
7.390000000000000000e+02 2.686733982182282148e+02
7.400000000000000000e+02 2.674580957236806853e+02
7.410000000000000000e+02 2.661853984755615556e+02
7.420000000000000000e+02 2.647387440466893622e+02
7.430000000000000000e+02 2.632920896178171688e+02
7.440000000000000000e+02 2.618454351889449754e+02
7.450000000000000000e+02 2.603987807600727820e+02
7.460000000000000000e+02 2.589521263312005317e+02
7.470000000000000000e+02 2.575054719023283383e+02
7.480000000000000000e+02 2.560588174734561449e+02
7.490000000000000000e+02 2.546121630445839514e+02
7.500000000000000000e+02 2.531655086157117580e+02
7.510000000000000000e+02 2.517132006913729754e+02
7.520000000000000000e+02 2.496591887219648243e+02
7.530000000000000000e+02 2.476051767525566447e+02
7.540000000000000000e+02 2.455511647831484936e+02
7.550000000000000000e+02 2.434971528137403425e+02
7.560000000000000000e+02 2.414431408443321629e+02
7.570000000000000000e+02 2.393891288749240118e+02
7.580000000000000000e+02 2.373351169055158323e+02
7.590000000000000000e+02 2.352811049361076812e+02
7.600000000000000000e+02 2.326841970630736682e+02
7.610000000000000000e+02 2.300816471467063877e+02
7.620000000000000000e+02 2.274790972303391356e+02
7.630000000000000000e+02 2.248765473139718551e+02
7.640000000000000000e+02 2.222739973976046031e+02
7.650000000000000000e+02 2.196714474812373226e+02
7.660000000000000000e+02 2.170688975648700421e+02
7.670000000000000000e+02 2.144663476485027900e+02
7.680000000000000000e+02 2.102246733257535425e+02
7.690000000000000000e+02 2.059196518026658111e+02
7.700000000000000000e+02 2.016146302795780514e+02
7.710000000000000000e+02 1.973096087564903200e+02
7.720000000000000000e+02 1.930045872334025603e+02
7.730000000000000000e+02 1.897873169755776814e+02
7.740000000000000000e+02 1.873060265399637103e+02
7.750000000000000000e+02 1.848247361043497392e+02
7.760000000000000000e+02 1.823434456687357965e+02
7.770000000000000000e+02 1.798621552331218254e+02
7.780000000000000000e+02 1.773808647975078543e+02
7.790000000000000000e+02 1.748995743618938832e+02
7.800000000000000000e+02 1.724743690741066473e+02
7.810000000000000000e+02 1.701157516623097479e+02
7.820000000000000000e+02 1.677571342505128484e+02
7.830000000000000000e+02 1.653985168387159490e+02
7.840000000000000000e+02 1.630398994269190496e+02
7.850000000000000000e+02 1.606812820151221501e+02
7.860000000000000000e+02 1.585657231743358864e+02
7.870000000000000000e+02 1.573685148648088727e+02
7.880000000000000000e+02 1.561713065552818307e+02
7.890000000000000000e+02 1.549740982457548171e+02
7.900000000000000000e+02 1.537768899362277750e+02
7.910000000000000000e+02 1.525796816267007614e+02
7.920000000000000000e+02 1.513824733171737194e+02
7.930000000000000000e+02 1.501852650076467057e+02
7.940000000000000000e+02 1.489880566981196637e+02
7.950000000000000000e+02 1.477908483885926501e+02
7.960000000000000000e+02 1.465936400790656080e+02
7.970000000000000000e+02 1.457329140554954563e+02
7.980000000000000000e+02 1.448848317776003114e+02
7.990000000000000000e+02 1.440367494997051665e+02
8.000000000000000000e+02 1.431886672218100500e+02
8.010000000000000000e+02 1.423405849439149051e+02
8.020000000000000000e+02 1.414925026660197602e+02
8.030000000000000000e+02 1.406444203881246153e+02
8.040000000000000000e+02 1.397963381102294704e+02
8.050000000000000000e+02 1.389482558323343255e+02
8.060000000000000000e+02 1.381001735544392091e+02
8.070000000000000000e+02 1.372520912765440642e+02
8.080000000000000000e+02 1.364040089986489193e+02
8.090000000000000000e+02 1.355559267207537744e+02
8.100000000000000000e+02 1.348564532117659951e+02
8.110000000000000000e+02 1.342531314001098224e+02
8.120000000000000000e+02 1.336498095884536212e+02
8.130000000000000000e+02 1.330464877767974485e+02
8.140000000000000000e+02 1.324431659651412474e+02
8.150000000000000000e+02 1.318398441534850463e+02
8.160000000000000000e+02 1.312365223418288736e+02
8.170000000000000000e+02 1.306332005301726724e+02
8.180000000000000000e+02 1.300298787185164997e+02
8.190000000000000000e+02 1.294265569068602986e+02
8.200000000000000000e+02 1.288232350952041259e+02
8.210000000000000000e+02 1.282199132835479247e+02
8.220000000000000000e+02 1.277375358425273220e+02
8.230000000000000000e+02 1.273387862125817094e+02
8.240000000000000000e+02 1.269400365826360968e+02
8.250000000000000000e+02 1.265412869526904842e+02
8.260000000000000000e+02 1.261425373227448574e+02
8.270000000000000000e+02 1.257437876927992448e+02
8.280000000000000000e+02 1.253450380628536323e+02
8.290000000000000000e+02 1.249462884329080197e+02
8.300000000000000000e+02 1.245475388029624071e+02
8.310000000000000000e+02 1.241487891730167945e+02
8.320000000000000000e+02 1.237500395430711677e+02
8.330000000000000000e+02 1.233512899131255551e+02
8.340000000000000000e+02 1.229525402831799425e+02
8.350000000000000000e+02 1.225777405077781026e+02
8.360000000000000000e+02 1.222765161469087190e+02
8.370000000000000000e+02 1.219752917860393353e+02
8.380000000000000000e+02 1.216740674251699517e+02
8.390000000000000000e+02 1.213728430643005680e+02
8.400000000000000000e+02 1.210716187034311702e+02
8.410000000000000000e+02 1.207703943425617865e+02
8.420000000000000000e+02 1.204691699816924029e+02
8.430000000000000000e+02 1.201679456208230192e+02
8.440000000000000000e+02 1.198667212599536356e+02
8.450000000000000000e+02 1.195654968990842519e+02
8.460000000000000000e+02 1.192642725382148541e+02
8.470000000000000000e+02 1.189630481773454704e+02
8.480000000000000000e+02 1.186618238164760868e+02
8.490000000000000000e+02 1.183605994556067031e+02
8.500000000000000000e+02 1.180593750947373195e+02
8.510000000000000000e+02 1.177581507338679216e+02
8.520000000000000000e+02 1.174569263729985380e+02
8.530000000000000000e+02 1.171804186285887255e+02
8.540000000000000000e+02 1.169335328555540627e+02
8.550000000000000000e+02 1.166866470825194000e+02
8.560000000000000000e+02 1.164397613094847515e+02
8.570000000000000000e+02 1.161928755364500887e+02
8.580000000000000000e+02 1.159459897634154260e+02
8.590000000000000000e+02 1.156991039903807774e+02
8.600000000000000000e+02 1.154522182173461147e+02
8.610000000000000000e+02 1.152053324443114519e+02
8.620000000000000000e+02 1.149584466712768034e+02
8.630000000000000000e+02 1.147115608982421406e+02
8.640000000000000000e+02 1.144646751252074779e+02
8.650000000000000000e+02 1.142177893521728294e+02
8.660000000000000000e+02 1.139709035791381666e+02
8.670000000000000000e+02 1.137240178061035039e+02
8.680000000000000000e+02 1.134771320330688553e+02
8.690000000000000000e+02 1.132302462600341926e+02
8.700000000000000000e+02 1.130281891208037734e+02
8.710000000000000000e+02 1.128620047468414640e+02
8.720000000000000000e+02 1.126958203728791545e+02
8.730000000000000000e+02 1.125296359989168451e+02
8.740000000000000000e+02 1.123634516249545356e+02
8.750000000000000000e+02 1.121972672509922404e+02
8.760000000000000000e+02 1.120310828770299310e+02
8.770000000000000000e+02 1.118648985030676215e+02
8.780000000000000000e+02 1.116987141291053121e+02
8.790000000000000000e+02 1.115325297551430026e+02
8.800000000000000000e+02 1.113663453811806932e+02
8.810000000000000000e+02 1.112001610072183837e+02
8.820000000000000000e+02 1.110339766332560885e+02
8.830000000000000000e+02 1.108677922592937790e+02
8.840000000000000000e+02 1.107016078853314696e+02
8.850000000000000000e+02 1.105354235113691601e+02
8.860000000000000000e+02 1.103692391374068507e+02
8.870000000000000000e+02 1.102030547634445412e+02
8.880000000000000000e+02 1.100368703894822318e+02
8.890000000000000000e+02 1.097977669773201370e+02
8.900000000000000000e+02 1.095487922022772267e+02
8.910000000000000000e+02 1.092998174272343306e+02
8.920000000000000000e+02 1.090508426521914203e+02
8.930000000000000000e+02 1.088018678771485241e+02
8.940000000000000000e+02 1.085528931021056280e+02
8.950000000000000000e+02 1.083039183270627177e+02
8.960000000000000000e+02 1.080549435520198216e+02
8.970000000000000000e+02 1.078059687769769113e+02
8.980000000000000000e+02 1.075569940019340152e+02
8.990000000000000000e+02 1.070839802302768362e+02
9.000000000000000000e+02 1.064912626959469293e+02
9.010000000000000000e+02 1.058985451616170081e+02
9.020000000000000000e+02 1.053058276272871012e+02
9.030000000000000000e+02 1.047131100929571943e+02
9.040000000000000000e+02 1.041203925586272874e+02
9.050000000000000000e+02 1.035276750242973662e+02
9.060000000000000000e+02 1.029349574899674593e+02
9.070000000000000000e+02 1.023422399556375524e+02
9.080000000000000000e+02 1.016703622020503559e+02
9.090000000000000000e+02 1.008164791124054744e+02
9.100000000000000000e+02 9.996259602276059297e+01
9.110000000000000000e+02 9.910871293311571151e+01
9.120000000000000000e+02 9.825482984347083004e+01
9.130000000000000000e+02 9.740094675382594858e+01
9.140000000000000000e+02 9.654706366418106711e+01
9.150000000000000000e+02 9.569318057453618565e+01
9.160000000000000000e+02 9.482600324372391754e+01
9.170000000000000000e+02 9.395387306024507268e+01
9.180000000000000000e+02 9.308174287676621361e+01
9.190000000000000000e+02 9.220961269328736876e+01
9.200000000000000000e+02 9.133748250980852390e+01
9.210000000000000000e+02 9.046535232632966483e+01
9.220000000000000000e+02 8.959322214285081998e+01
9.230000000000000000e+02 8.872109195937197512e+01
9.240000000000000000e+02 8.774767605815543448e+01
9.250000000000000000e+02 8.673218940617070416e+01
9.260000000000000000e+02 8.571670275418595963e+01
9.270000000000000000e+02 8.470121610220122932e+01
9.280000000000000000e+02 8.368572945021649900e+01
9.290000000000000000e+02 8.245980787544006319e+01
9.300000000000000000e+02 8.085128130161594129e+01
9.310000000000000000e+02 7.924275472779180518e+01
9.320000000000000000e+02 7.763422815396766907e+01
9.330000000000000000e+02 7.676047067781347266e+01
9.340000000000000000e+02 7.609577427963007779e+01
9.350000000000000000e+02 7.543107788144668291e+01
9.360000000000000000e+02 7.476638148326328803e+01
9.370000000000000000e+02 7.410168508507987895e+01
9.380000000000000000e+02 7.343698868689648407e+01
9.390000000000000000e+02 7.280725197501138268e+01
9.400000000000000000e+02 7.251176558453735765e+01
9.410000000000000000e+02 7.221627919406333262e+01
9.420000000000000000e+02 7.192079280358932181e+01
9.430000000000000000e+02 7.162530641311529678e+01
9.440000000000000000e+02 7.132982002264128596e+01
9.450000000000000000e+02 7.103433363216726093e+01
9.460000000000000000e+02 7.073884724169323590e+01
9.470000000000000000e+02 7.044336085121922508e+01
9.480000000000000000e+02 7.014787446074520005e+01
9.490000000000000000e+02 6.985238807027118924e+01
9.500000000000000000e+02 6.997323328299678735e+01
9.510000000000000000e+02 7.016174790129629457e+01
9.520000000000000000e+02 7.035026251959580179e+01
9.530000000000000000e+02 7.053877713789530901e+01
9.540000000000000000e+02 7.072729175619481623e+01
9.550000000000000000e+02 7.091580637449432345e+01
9.560000000000000000e+02 7.110432099279383067e+01
9.570000000000000000e+02 7.129283561109333789e+01
9.580000000000000000e+02 7.148135022939284511e+01
9.590000000000000000e+02 7.166986484769235233e+01
9.600000000000000000e+02 7.205467050994145950e+01
9.610000000000000000e+02 7.254711509683959036e+01
9.620000000000000000e+02 7.303955968373770702e+01
9.630000000000000000e+02 7.353200427063583788e+01
9.640000000000000000e+02 7.402444885753395454e+01
9.650000000000000000e+02 7.451689344443208540e+01
9.660000000000000000e+02 7.500933803133020206e+01
9.670000000000000000e+02 7.549367006815647585e+01
9.680000000000000000e+02 7.590877870590666987e+01
9.690000000000000000e+02 7.632388734365686389e+01
9.700000000000000000e+02 7.673899598140707212e+01
9.710000000000000000e+02 7.715410461915726614e+01
9.720000000000000000e+02 7.756921325690747437e+01
9.730000000000000000e+02 7.798432189465766839e+01
9.740000000000000000e+02 7.839943053240786242e+01
9.750000000000000000e+02 7.881453917015807065e+01
9.760000000000000000e+02 7.922964780790826467e+01
9.770000000000000000e+02 7.964475644565845869e+01
9.780000000000000000e+02 8.007932018848946143e+01
9.790000000000000000e+02 8.051608179797135278e+01
9.800000000000000000e+02 8.095284340745324414e+01
9.810000000000000000e+02 8.138960501693513550e+01
9.820000000000000000e+02 8.182636662641702685e+01
9.830000000000000000e+02 8.226312823589891821e+01
9.840000000000000000e+02 8.269988984538080956e+01
9.850000000000000000e+02 8.313665145486270092e+01
9.860000000000000000e+02 8.357341306434459227e+01
9.870000000000000000e+02 8.401017467382648363e+01
9.880000000000000000e+02 8.443413349373813048e+01
9.890000000000000000e+02 8.481932401872651894e+01
9.900000000000000000e+02 8.520451454371490740e+01
9.910000000000000000e+02 8.558970506870329586e+01
9.920000000000000000e+02 8.597489559369168433e+01
9.930000000000000000e+02 8.636008611868007279e+01
9.940000000000000000e+02 8.674527664366846125e+01
9.950000000000000000e+02 8.713046716865684971e+01
9.960000000000000000e+02 8.751565769364523817e+01
9.970000000000000000e+02 8.772544757741142973e+01
9.980000000000000000e+02 8.789535742213672620e+01
9.990000000000000000e+02 8.806526726686202267e+01
1.000000000000000000e+03 8.823517711158731913e+01
1.001000000000000000e+03 8.840508695631262981e+01
1.002000000000000000e+03 8.857499680103792628e+01
1.003000000000000000e+03 8.874490664576322274e+01
1.004000000000000000e+03 8.891481649048851921e+01
1.005000000000000000e+03 8.908472633521381567e+01
1.006000000000000000e+03 8.924289404252397162e+01
1.007000000000000000e+03 8.913595053094560683e+01
1.008000000000000000e+03 8.902900701936724204e+01
1.009000000000000000e+03 8.892206350778887725e+01
1.010000000000000000e+03 8.881511999621051245e+01
1.011000000000000000e+03 8.870817648463216187e+01
1.012000000000000000e+03 8.860123297305379708e+01
1.013000000000000000e+03 8.849428946147543229e+01
1.014000000000000000e+03 8.838734594989706750e+01
1.015000000000000000e+03 8.828040243831870271e+01
1.016000000000000000e+03 8.817345892674033792e+01
1.017000000000000000e+03 8.806651541516197312e+01
1.018000000000000000e+03 8.795957190358360833e+01
1.019000000000000000e+03 8.776431111110147754e+01
1.020000000000000000e+03 8.750858935398137817e+01
1.021000000000000000e+03 8.725286759686129301e+01
1.022000000000000000e+03 8.699714583974120785e+01
1.023000000000000000e+03 8.674142408262112269e+01
1.024000000000000000e+03 8.648570232550102332e+01
1.025000000000000000e+03 8.622998056838093817e+01
1.026000000000000000e+03 8.597425881126085301e+01
1.027000000000000000e+03 8.571853705414076785e+01
1.028000000000000000e+03 8.546281529702068269e+01
1.029000000000000000e+03 8.520709353990058332e+01
1.030000000000000000e+03 8.495137178278049817e+01
1.031000000000000000e+03 8.469565002566041301e+01
1.032000000000000000e+03 8.439904408767644384e+01
1.033000000000000000e+03 8.408438212180247717e+01
1.034000000000000000e+03 8.376972015592849630e+01
1.035000000000000000e+03 8.345505819005452963e+01
1.036000000000000000e+03 8.314039622418056297e+01
1.037000000000000000e+03 8.282573425830658209e+01
1.038000000000000000e+03 8.251107229243261543e+01
1.039000000000000000e+03 8.219641032655863455e+01
1.040000000000000000e+03 8.188174836068466789e+01
1.041000000000000000e+03 8.156708639481070122e+01
1.042000000000000000e+03 8.125242442893672035e+01
1.043000000000000000e+03 8.093776246306275368e+01
1.044000000000000000e+03 8.062310049718878702e+01
1.045000000000000000e+03 8.029361652417787809e+01
1.046000000000000000e+03 7.993606452125037265e+01
1.047000000000000000e+03 7.957851251832286721e+01
1.048000000000000000e+03 7.922096051539536177e+01
1.049000000000000000e+03 7.886340851246785633e+01
1.050000000000000000e+03 7.850585650954036510e+01
1.051000000000000000e+03 7.814830450661285965e+01
1.052000000000000000e+03 7.779075250368535421e+01
1.053000000000000000e+03 7.743320050075784877e+01
1.054000000000000000e+03 7.707564849783034333e+01
1.055000000000000000e+03 7.680888309022778060e+01
1.056000000000000000e+03 7.661493482078634543e+01
1.057000000000000000e+03 7.642098655134492446e+01
1.058000000000000000e+03 7.622703828190350350e+01
1.059000000000000000e+03 7.603309001246208254e+01
1.060000000000000000e+03 7.583914174302064737e+01
1.061000000000000000e+03 7.564519347357922641e+01
1.062000000000000000e+03 7.545124520413780544e+01
1.063000000000000000e+03 7.525729693469637027e+01
1.064000000000000000e+03 7.506334866525494931e+01
1.065000000000000000e+03 7.486940039581352835e+01
1.066000000000000000e+03 7.467545212637210739e+01
1.067000000000000000e+03 7.448453261542398707e+01
1.068000000000000000e+03 7.432050232053563832e+01
1.069000000000000000e+03 7.415647202564728957e+01
1.070000000000000000e+03 7.399244173075894082e+01
1.071000000000000000e+03 7.382841143587059207e+01
1.072000000000000000e+03 7.366438114098225753e+01
1.073000000000000000e+03 7.350035084609390879e+01
1.074000000000000000e+03 7.333632055120556004e+01
1.075000000000000000e+03 7.317229025631721129e+01
1.076000000000000000e+03 7.300825996142886254e+01
1.077000000000000000e+03 7.284422966654051379e+01
1.078000000000000000e+03 7.268019937165216504e+01
1.079000000000000000e+03 7.251616907676381629e+01
1.080000000000000000e+03 7.235213878187548175e+01
1.081000000000000000e+03 7.218011714494218722e+01
1.082000000000000000e+03 7.200556181209812223e+01
1.083000000000000000e+03 7.183100647925405724e+01
1.084000000000000000e+03 7.165645114640999225e+01
1.085000000000000000e+03 7.148189581356592726e+01
1.086000000000000000e+03 7.130734048072186226e+01
1.087000000000000000e+03 7.113278514787779727e+01
1.088000000000000000e+03 7.095822981503373228e+01
1.089000000000000000e+03 7.078367448218966729e+01
1.090000000000000000e+03 7.060911914934560230e+01
1.091000000000000000e+03 7.043456381650153730e+01
1.092000000000000000e+03 7.026000848365747231e+01
1.093000000000000000e+03 7.008545315081340732e+01
1.094000000000000000e+03 6.991089781796934233e+01
1.095000000000000000e+03 6.973634248512527734e+01
1.096000000000000000e+03 6.956478393923848103e+01
1.097000000000000000e+03 6.940578622956456911e+01
1.098000000000000000e+03 6.924678851989065720e+01
1.099000000000000000e+03 6.908779081021673107e+01
1.100000000000000000e+03 6.892879310054281916e+01
1.101000000000000000e+03 6.876979539086890725e+01
1.102000000000000000e+03 6.861079768119499533e+01
1.103000000000000000e+03 6.845179997152108342e+01
1.104000000000000000e+03 6.829280226184717151e+01
1.105000000000000000e+03 6.813380455217325959e+01
1.106000000000000000e+03 6.797480684249934768e+01
1.107000000000000000e+03 6.781580913282543577e+01
1.108000000000000000e+03 6.765681142315152385e+01
1.109000000000000000e+03 6.749781371347761194e+01
1.110000000000000000e+03 6.733881600380370003e+01
1.111000000000000000e+03 6.717981829412977390e+01
1.112000000000000000e+03 6.702082058445586199e+01
1.113000000000000000e+03 6.686622874198017996e+01
1.114000000000000000e+03 6.671320844505939363e+01
1.115000000000000000e+03 6.656018814813859308e+01
1.116000000000000000e+03 6.640716785121780674e+01
1.117000000000000000e+03 6.625414755429700620e+01
1.118000000000000000e+03 6.610112725737621986e+01
1.119000000000000000e+03 6.594810696045543352e+01
1.120000000000000000e+03 6.579508666353463298e+01
1.121000000000000000e+03 6.564206636661384664e+01
1.122000000000000000e+03 6.548904606969304609e+01
1.123000000000000000e+03 6.533602577277225976e+01
1.124000000000000000e+03 6.518300547585145921e+01
1.125000000000000000e+03 6.502998517893067287e+01
1.126000000000000000e+03 6.487696488200987233e+01
1.127000000000000000e+03 6.472394458508908599e+01
1.128000000000000000e+03 6.457092428816829965e+01
1.129000000000000000e+03 6.439566043985459487e+01
1.130000000000000000e+03 6.416363538746121264e+01
1.131000000000000000e+03 6.393161033506783042e+01
1.132000000000000000e+03 6.369958528267444819e+01
1.133000000000000000e+03 6.346756023028106597e+01
1.134000000000000000e+03 6.323553517788768374e+01
1.135000000000000000e+03 6.300351012549429441e+01
1.136000000000000000e+03 6.277148507310091219e+01
1.137000000000000000e+03 6.253946002070752996e+01
1.138000000000000000e+03 6.230743496831414774e+01
1.139000000000000000e+03 6.207540991592076551e+01
1.140000000000000000e+03 6.184338486352738329e+01
1.141000000000000000e+03 6.161135981113400106e+01
1.142000000000000000e+03 6.137933475874061884e+01
1.143000000000000000e+03 6.116366193262786055e+01
1.144000000000000000e+03 6.096507522095085108e+01
1.145000000000000000e+03 6.076648850927384871e+01
1.146000000000000000e+03 6.056790179759683923e+01
1.147000000000000000e+03 6.036931508591983686e+01
1.148000000000000000e+03 6.017072837424283449e+01
1.149000000000000000e+03 5.997214166256582502e+01
1.150000000000000000e+03 5.977355495088882265e+01
1.151000000000000000e+03 5.957496823921181317e+01
1.152000000000000000e+03 5.937638152753481080e+01
1.153000000000000000e+03 5.917779481585780843e+01
1.154000000000000000e+03 5.897920810418079895e+01
1.155000000000000000e+03 5.877410671668341990e+01
1.156000000000000000e+03 5.856845730613198953e+01
1.157000000000000000e+03 5.836280789558055915e+01
1.158000000000000000e+03 5.815715848502913587e+01
1.159000000000000000e+03 5.795150907447770550e+01
1.160000000000000000e+03 5.774585966392627512e+01
1.161000000000000000e+03 5.754021025337484474e+01
1.162000000000000000e+03 5.733456084282342147e+01
1.163000000000000000e+03 5.712891143227199109e+01
1.164000000000000000e+03 5.692326202172056071e+01
1.165000000000000000e+03 5.671761261116913033e+01
1.166000000000000000e+03 5.651196320061769995e+01
1.167000000000000000e+03 5.630631379006627668e+01
1.168000000000000000e+03 5.610066437951484630e+01
1.169000000000000000e+03 5.582223151603320588e+01
1.170000000000000000e+03 5.551039680084144834e+01
1.171000000000000000e+03 5.519856208564968370e+01
1.172000000000000000e+03 5.488672737045792616e+01
1.173000000000000000e+03 5.457489265526616151e+01
1.174000000000000000e+03 5.426305794007440397e+01
1.175000000000000000e+03 5.395122322488263933e+01
1.176000000000000000e+03 5.363938850969087468e+01
1.177000000000000000e+03 5.332755379449911715e+01
1.178000000000000000e+03 5.309263917768225127e+01
1.179000000000000000e+03 5.287918838024135937e+01
1.180000000000000000e+03 5.266573758280046746e+01
1.181000000000000000e+03 5.245228678535957556e+01
1.182000000000000000e+03 5.223883598791867655e+01
1.183000000000000000e+03 5.202538519047778465e+01
1.184000000000000000e+03 5.181193439303689274e+01
1.185000000000000000e+03 5.159848359559600084e+01
1.186000000000000000e+03 5.138503279815510183e+01
1.187000000000000000e+03 5.122102682985568123e+01
1.188000000000000000e+03 5.112060527704912261e+01
1.189000000000000000e+03 5.102018372424255688e+01
1.190000000000000000e+03 5.091976217143599825e+01
1.191000000000000000e+03 5.081934061862943963e+01
1.192000000000000000e+03 5.071891906582287390e+01
1.193000000000000000e+03 5.061849751301631528e+01
1.194000000000000000e+03 5.051807596020975666e+01
1.195000000000000000e+03 5.041765440740319093e+01
1.196000000000000000e+03 5.031723285459663231e+01
1.197000000000000000e+03 5.021681130179007368e+01
1.198000000000000000e+03 5.011638974898350796e+01
1.199000000000000000e+03 5.001596819617694933e+01
1.200000000000000000e+03 5.000819832095245943e+01
1.201000000000000000e+03 5.007898786589369422e+01
1.202000000000000000e+03 5.014977741083493612e+01
1.203000000000000000e+03 5.022056695577617091e+01
1.204000000000000000e+03 5.029135650071740571e+01
1.205000000000000000e+03 5.036214604565864761e+01
1.206000000000000000e+03 5.043293559059988240e+01
1.207000000000000000e+03 5.050372513554111720e+01
1.208000000000000000e+03 5.057451468048235910e+01
1.209000000000000000e+03 5.064530422542359389e+01
1.210000000000000000e+03 5.071609377036483579e+01
1.211000000000000000e+03 5.078688331530607059e+01
1.212000000000000000e+03 5.085767286024730538e+01
1.213000000000000000e+03 5.096045753659359434e+01
1.214000000000000000e+03 5.118129207735783126e+01
1.215000000000000000e+03 5.140212661812207529e+01
1.216000000000000000e+03 5.162296115888631221e+01
1.217000000000000000e+03 5.184379569965054912e+01
1.218000000000000000e+03 5.206463024041479315e+01
1.219000000000000000e+03 5.228546478117903007e+01
1.220000000000000000e+03 5.250629932194326699e+01
1.221000000000000000e+03 5.272713386270751101e+01
1.222000000000000000e+03 5.296005393929862493e+01
1.223000000000000000e+03 5.321693373523741855e+01
1.224000000000000000e+03 5.347381353117621217e+01
1.225000000000000000e+03 5.373069332711500579e+01
1.226000000000000000e+03 5.398757312305379941e+01
1.227000000000000000e+03 5.424445291899260013e+01
1.228000000000000000e+03 5.450133271493139375e+01
1.229000000000000000e+03 5.475821251087018737e+01
1.230000000000000000e+03 5.501509230680898099e+01
1.231000000000000000e+03 5.527197210274777461e+01
1.232000000000000000e+03 5.552885189868656823e+01
1.233000000000000000e+03 5.577789918537605018e+01
1.234000000000000000e+03 5.600205878983861396e+01
1.235000000000000000e+03 5.622621839430117774e+01
1.236000000000000000e+03 5.645037799876374152e+01
1.237000000000000000e+03 5.667453760322630529e+01
1.238000000000000000e+03 5.689869720768886907e+01
1.239000000000000000e+03 5.712285681215143285e+01
1.240000000000000000e+03 5.734701641661400373e+01
1.241000000000000000e+03 5.757117602107656751e+01
1.242000000000000000e+03 5.779533562553913129e+01
1.243000000000000000e+03 5.801949523000169506e+01
1.244000000000000000e+03 5.821161591339605224e+01
1.245000000000000000e+03 5.838099523972491767e+01
1.246000000000000000e+03 5.855037456605378310e+01
1.247000000000000000e+03 5.871975389238264142e+01
1.248000000000000000e+03 5.888913321871150686e+01
1.249000000000000000e+03 5.905851254504037229e+01
1.250000000000000000e+03 5.922789187136923772e+01
1.251000000000000000e+03 5.939727119769810315e+01
1.252000000000000000e+03 5.956665052402696148e+01
1.253000000000000000e+03 5.973602985035582691e+01
1.254000000000000000e+03 5.990540917668469234e+01
1.255000000000000000e+03 6.007478850301355777e+01
1.256000000000000000e+03 6.021567411956955596e+01
1.257000000000000000e+03 6.019600935122876706e+01
1.258000000000000000e+03 6.017634458288798527e+01
1.259000000000000000e+03 6.015667981454720348e+01
1.260000000000000000e+03 6.013701504620641458e+01
1.261000000000000000e+03 6.011735027786563279e+01
1.262000000000000000e+03 6.009768550952484389e+01
1.263000000000000000e+03 6.007802074118406210e+01
1.264000000000000000e+03 6.005835597284327321e+01
1.265000000000000000e+03 6.003869120450249142e+01
1.266000000000000000e+03 6.001902643616170963e+01
1.267000000000000000e+03 5.999936166782092073e+01
1.268000000000000000e+03 5.997969689948013894e+01
1.269000000000000000e+03 5.996003213113935004e+01
1.270000000000000000e+03 5.991529027577817601e+01
1.271000000000000000e+03 5.982814899277761356e+01
1.272000000000000000e+03 5.974100770977705110e+01
1.273000000000000000e+03 5.965386642677648865e+01
1.274000000000000000e+03 5.956672514377592620e+01
1.275000000000000000e+03 5.947958386077536375e+01
1.276000000000000000e+03 5.939244257777480129e+01
1.277000000000000000e+03 5.930530129477423174e+01
1.278000000000000000e+03 5.921816001177366928e+01
1.279000000000000000e+03 5.913101872877310683e+01
1.280000000000000000e+03 5.904387744577254438e+01
1.281000000000000000e+03 5.895673616277198192e+01
1.282000000000000000e+03 5.886959487977141947e+01
1.283000000000000000e+03 5.878245359677085702e+01
1.284000000000000000e+03 5.869531231377029457e+01
1.285000000000000000e+03 5.860817103076973211e+01
1.286000000000000000e+03 5.860040985611857423e+01
1.287000000000000000e+03 5.873085243053471061e+01
1.288000000000000000e+03 5.886129500495084699e+01
1.289000000000000000e+03 5.899173757936698337e+01
1.290000000000000000e+03 5.912218015378311975e+01
1.291000000000000000e+03 5.925262272819925613e+01
1.292000000000000000e+03 5.938306530261539251e+01
1.293000000000000000e+03 5.951350787703152889e+01
1.294000000000000000e+03 5.964395045144766527e+01
1.295000000000000000e+03 5.977439302586380165e+01
1.296000000000000000e+03 5.990483560027994514e+01
1.297000000000000000e+03 6.003527817469608152e+01
1.298000000000000000e+03 6.016572074911221790e+01
1.299000000000000000e+03 6.030195447446267565e+01
1.300000000000000000e+03 6.057731508366435236e+01
1.301000000000000000e+03 6.085267569286602196e+01
1.302000000000000000e+03 6.112803630206769867e+01
1.303000000000000000e+03 6.140339691126936827e+01
1.304000000000000000e+03 6.167875752047104498e+01
1.305000000000000000e+03 6.195411812967272169e+01
1.306000000000000000e+03 6.222947873887439130e+01
1.307000000000000000e+03 6.250483934807606801e+01
1.308000000000000000e+03 6.291409573890832263e+01
1.309000000000000000e+03 6.341023901893633763e+01
1.310000000000000000e+03 6.390638229896435263e+01
1.311000000000000000e+03 6.440252557899236763e+01
1.312000000000000000e+03 6.489866885902038973e+01
1.313000000000000000e+03 6.539481213904841184e+01
1.314000000000000000e+03 6.589095541907641973e+01
1.315000000000000000e+03 6.646422321594188531e+01
1.316000000000000000e+03 6.711124033372732356e+01
1.317000000000000000e+03 6.775825745151274759e+01
1.318000000000000000e+03 6.840527456929818584e+01
1.319000000000000000e+03 6.905229168708360987e+01
1.320000000000000000e+03 6.969930880486904812e+01
1.321000000000000000e+03 7.046229219217600814e+01
1.322000000000000000e+03 7.148825034283599678e+01
1.323000000000000000e+03 7.251420849349597120e+01
1.324000000000000000e+03 7.354016664415595983e+01
1.325000000000000000e+03 7.456612479481594846e+01
1.326000000000000000e+03 7.559208294547593709e+01
1.327000000000000000e+03 7.661804109613592573e+01
1.328000000000000000e+03 7.778165013742552958e+01
1.329000000000000000e+03 7.901423101818539863e+01
1.330000000000000000e+03 8.024681189894528188e+01
1.331000000000000000e+03 8.147939277970516514e+01
1.332000000000000000e+03 8.271197366046504840e+01
1.333000000000000000e+03 8.394455454122491744e+01
1.334000000000000000e+03 8.517713542198480070e+01
1.335000000000000000e+03 8.649291752217169460e+01
1.336000000000000000e+03 8.830499513220694041e+01
1.337000000000000000e+03 9.011707274224220043e+01
1.338000000000000000e+03 9.192915035227744625e+01
1.339000000000000000e+03 9.404294148360320094e+01
1.340000000000000000e+03 9.635063537708026615e+01
1.341000000000000000e+03 9.865832927055733137e+01
1.342000000000000000e+03 1.009509094859163127e+02
1.343000000000000000e+03 1.030638857341131711e+02
1.344000000000000000e+03 1.051768619823100295e+02
1.345000000000000000e+03 1.072898382305068878e+02
1.346000000000000000e+03 1.095075327938115635e+02
1.347000000000000000e+03 1.126593421383995803e+02
1.348000000000000000e+03 1.158111514829875972e+02
1.349000000000000000e+03 1.189629608275756141e+02
1.350000000000000000e+03 1.230459614710930936e+02
1.351000000000000000e+03 1.278219721391118497e+02
1.352000000000000000e+03 1.325979828071306201e+02
1.353000000000000000e+03 1.374911021780419560e+02
1.354000000000000000e+03 1.443728573114892413e+02
1.355000000000000000e+03 1.522915218085251183e+02
1.356000000000000000e+03 1.626038363245198468e+02
1.357000000000000000e+03 1.723207967584004336e+02
1.358000000000000000e+03 1.815651164488258758e+02
1.359000000000000000e+03 1.908094361392513179e+02
1.360000000000000000e+03 2.003711958770720969e+02
1.361000000000000000e+03 2.155847982229190336e+02
