4.000000000000000000e+02 1.019163438419132177e+02
4.010000000000000000e+02 1.044711356277313712e+02
4.020000000000000000e+02 1.069070163454915985e+02
4.030000000000000000e+02 1.094319551249445652e+02
4.040000000000000000e+02 1.122899986966826447e+02
4.050000000000000000e+02 1.151480422684207241e+02
4.060000000000000000e+02 1.179219057577430618e+02
4.070000000000000000e+02 1.200923470637937669e+02
4.080000000000000000e+02 1.222627883698444577e+02
4.090000000000000000e+02 1.244332296758951628e+02
4.100000000000000000e+02 1.261839708547913830e+02
4.110000000000000000e+02 1.276371866690365806e+02
4.120000000000000000e+02 1.290904024832817640e+02
4.130000000000000000e+02 1.305436182975269617e+02
4.140000000000000000e+02 1.319968341117721309e+02
4.150000000000000000e+02 1.334500499260173285e+02
4.160000000000000000e+02 1.349032657402625262e+02
4.170000000000000000e+02 1.363564815545076954e+02
4.180000000000000000e+02 1.378069494990281214e+02
4.190000000000000000e+02 1.392556663310586771e+02
4.200000000000000000e+02 1.407043831630892328e+02
4.210000000000000000e+02 1.421530999951197884e+02
4.220000000000000000e+02 1.436018168271503441e+02
4.230000000000000000e+02 1.449527841958557985e+02
4.240000000000000000e+02 1.460682153653639261e+02
4.250000000000000000e+02 1.471836465348720822e+02
4.260000000000000000e+02 1.482990777043802382e+02
4.270000000000000000e+02 1.494145088738883942e+02
4.280000000000000000e+02 1.505299400433965502e+02
4.290000000000000000e+02 1.516453712129046778e+02
4.300000000000000000e+02 1.527608023824128338e+02
4.310000000000000000e+02 1.538762335519209898e+02
4.320000000000000000e+02 1.549916647214291459e+02
4.330000000000000000e+02 1.560347068206615688e+02
4.340000000000000000e+02 1.563717098347816261e+02
4.350000000000000000e+02 1.567087128489016834e+02
4.360000000000000000e+02 1.570457158630217407e+02
4.370000000000000000e+02 1.573827188771417980e+02
4.380000000000000000e+02 1.577197218912618553e+02
4.390000000000000000e+02 1.580567249053819125e+02
4.400000000000000000e+02 1.583937279195019698e+02
4.410000000000000000e+02 1.587307309336220271e+02
4.420000000000000000e+02 1.590677339477420844e+02
4.430000000000000000e+02 1.593069681523973600e+02
4.440000000000000000e+02 1.593396459511605485e+02
4.450000000000000000e+02 1.593723237499237371e+02
4.460000000000000000e+02 1.594050015486869256e+02
4.470000000000000000e+02 1.594376793474501142e+02
4.480000000000000000e+02 1.594703571462133027e+02
4.490000000000000000e+02 1.595030349449764913e+02
4.500000000000000000e+02 1.595357127437396798e+02
4.510000000000000000e+02 1.595683905425028968e+02
4.520000000000000000e+02 1.596010683412660853e+02
4.530000000000000000e+02 1.592307099417660083e+02
4.540000000000000000e+02 1.588556563875492031e+02
4.550000000000000000e+02 1.584806028333323979e+02
4.560000000000000000e+02 1.581055492791156212e+02
4.570000000000000000e+02 1.577304957248988160e+02
4.580000000000000000e+02 1.573554421706820392e+02
4.590000000000000000e+02 1.569803886164652340e+02
4.600000000000000000e+02 1.566053350622484572e+02
4.610000000000000000e+02 1.562302815080316520e+02
4.620000000000000000e+02 1.558552279538148753e+02
4.630000000000000000e+02 1.554801743995980701e+02
4.640000000000000000e+02 1.551051208453812649e+02
4.650000000000000000e+02 1.547300672911644881e+02
4.660000000000000000e+02 1.543550137369476829e+02
4.670000000000000000e+02 1.539799601827309061e+02
4.680000000000000000e+02 1.534583273155877805e+02
4.690000000000000000e+02 1.529141889078527754e+02
4.700000000000000000e+02 1.523700505001177419e+02
4.710000000000000000e+02 1.518259120923827084e+02
4.720000000000000000e+02 1.512817736846476748e+02
4.730000000000000000e+02 1.507376352769126413e+02
4.740000000000000000e+02 1.501934968691776362e+02
4.750000000000000000e+02 1.496493584614426027e+02
4.760000000000000000e+02 1.491052200537075691e+02
4.770000000000000000e+02 1.485610816459725356e+02
4.780000000000000000e+02 1.480169432382375021e+02
4.790000000000000000e+02 1.474728048305024686e+02
4.800000000000000000e+02 1.469286664227674635e+02
4.810000000000000000e+02 1.460572719447867485e+02
4.820000000000000000e+02 1.451738298410068637e+02
4.830000000000000000e+02 1.442903877372269790e+02
4.840000000000000000e+02 1.434069456334471226e+02
4.850000000000000000e+02 1.425235035296672379e+02
4.860000000000000000e+02 1.416400614258873816e+02
4.870000000000000000e+02 1.407566193221074968e+02
4.880000000000000000e+02 1.398731772183276121e+02
4.890000000000000000e+02 1.389859590837076553e+02
4.900000000000000000e+02 1.380392345785431587e+02
4.910000000000000000e+02 1.370925100733786337e+02
4.920000000000000000e+02 1.361457855682141087e+02
4.930000000000000000e+02 1.351990610630495837e+02
4.940000000000000000e+02 1.342523365578850871e+02
4.950000000000000000e+02 1.333056120527205621e+02
4.960000000000000000e+02 1.325382371556692362e+02
4.970000000000000000e+02 1.320640761427490304e+02
4.980000000000000000e+02 1.315899151298288245e+02
4.990000000000000000e+02 1.311157541169085903e+02
5.000000000000000000e+02 1.306415931039883844e+02
5.010000000000000000e+02 1.301674320910681502e+02
5.020000000000000000e+02 1.296932710781479443e+02
5.030000000000000000e+02 1.292191100652277100e+02
5.040000000000000000e+02 1.287449490523075042e+02
5.050000000000000000e+02 1.282739801600186809e+02
5.060000000000000000e+02 1.278876063965255128e+02
5.070000000000000000e+02 1.275012326330323305e+02
5.080000000000000000e+02 1.271148588695391624e+02
5.090000000000000000e+02 1.267284851060459800e+02
5.100000000000000000e+02 1.263421113425527977e+02
5.110000000000000000e+02 1.259557375790596154e+02
5.120000000000000000e+02 1.255693638155664473e+02
5.130000000000000000e+02 1.251829900520732650e+02
5.140000000000000000e+02 1.247966162885800827e+02
5.150000000000000000e+02 1.244102425250869004e+02
5.160000000000000000e+02 1.240238687615937323e+02
5.170000000000000000e+02 1.236374949981005500e+02
5.180000000000000000e+02 1.232600382502974128e+02
5.190000000000000000e+02 1.228890162212502304e+02
5.200000000000000000e+02 1.225179941922030622e+02
5.210000000000000000e+02 1.221469721631558798e+02
5.220000000000000000e+02 1.217759501341087116e+02
5.230000000000000000e+02 1.214049281050615292e+02
5.240000000000000000e+02 1.210339060760143610e+02
5.250000000000000000e+02 1.206628840469671928e+02
5.260000000000000000e+02 1.202918620179200104e+02
5.270000000000000000e+02 1.199208399888728422e+02
5.280000000000000000e+02 1.195498179598256598e+02
5.290000000000000000e+02 1.191714981002382387e+02
5.300000000000000000e+02 1.187846076318666348e+02
5.310000000000000000e+02 1.183977171634950309e+02
5.320000000000000000e+02 1.180108266951234270e+02
5.330000000000000000e+02 1.176239362267518231e+02
5.340000000000000000e+02 1.172370457583802192e+02
5.350000000000000000e+02 1.168501552900086153e+02
5.360000000000000000e+02 1.164632648216370114e+02
5.370000000000000000e+02 1.160763743532654075e+02
5.380000000000000000e+02 1.156894838848938036e+02
5.390000000000000000e+02 1.153025934165221997e+02
5.400000000000000000e+02 1.149157029481505958e+02
5.410000000000000000e+02 1.145349194436760172e+02
5.420000000000000000e+02 1.141548655701717365e+02
5.430000000000000000e+02 1.137748116966674701e+02
5.440000000000000000e+02 1.133947578231631894e+02
5.450000000000000000e+02 1.130147039496589230e+02
5.460000000000000000e+02 1.126346500761546423e+02
5.470000000000000000e+02 1.122545962026503759e+02
5.480000000000000000e+02 1.118745423291460952e+02
5.490000000000000000e+02 1.114944884556418288e+02
5.500000000000000000e+02 1.111144345821375623e+02
5.510000000000000000e+02 1.107343807086332816e+02
5.520000000000000000e+02 1.103543268351290152e+02
5.530000000000000000e+02 1.099742729616247345e+02
5.540000000000000000e+02 1.095937991281261219e+02
5.550000000000000000e+02 1.092096270508537401e+02
5.560000000000000000e+02 1.088254549735813583e+02
5.570000000000000000e+02 1.084412828963089765e+02
5.580000000000000000e+02 1.080571108190365948e+02
5.590000000000000000e+02 1.076729387417642130e+02
5.600000000000000000e+02 1.072887666644918312e+02
5.610000000000000000e+02 1.069045945872194494e+02
5.620000000000000000e+02 1.065204225099470534e+02
5.630000000000000000e+02 1.061362504326746716e+02
5.640000000000000000e+02 1.057520783554022898e+02
5.650000000000000000e+02 1.053679062781299081e+02
5.660000000000000000e+02 1.049837342008575263e+02
5.670000000000000000e+02 1.045995621235851445e+02
5.680000000000000000e+02 1.042153900463127627e+02
5.690000000000000000e+02 1.038312179690403809e+02
5.700000000000000000e+02 1.034470458917679991e+02
5.710000000000000000e+02 1.030437510462162010e+02
5.720000000000000000e+02 1.026297150262601008e+02
5.730000000000000000e+02 1.022156790063040006e+02
5.740000000000000000e+02 1.018016429863479146e+02
5.750000000000000000e+02 1.013876069663918145e+02
5.760000000000000000e+02 1.009735709464357285e+02
5.770000000000000000e+02 1.005595349264796283e+02
5.780000000000000000e+02 1.001454989065235424e+02
5.790000000000000000e+02 9.973146288656744218e+01
5.800000000000000000e+02 9.932393992647699577e+01
5.810000000000000000e+02 9.893191156089854132e+01
5.820000000000000000e+02 9.853988319532008688e+01
5.830000000000000000e+02 9.814785482974163244e+01
5.840000000000000000e+02 9.775582646416317800e+01
5.850000000000000000e+02 9.736379809858473777e+01
5.860000000000000000e+02 9.697176973300628333e+01
5.870000000000000000e+02 9.657974136742782889e+01
5.880000000000000000e+02 9.618771300184937445e+01
5.890000000000000000e+02 9.579568463627092001e+01
5.900000000000000000e+02 9.540365627069246557e+01
5.910000000000000000e+02 9.501162790511401113e+01
5.920000000000000000e+02 9.461959953953555669e+01
5.930000000000000000e+02 9.422757117395710225e+01
5.940000000000000000e+02 9.383554280837864781e+01
5.950000000000000000e+02 9.343633949170681774e+01
5.960000000000000000e+02 9.300135482336830250e+01
5.970000000000000000e+02 9.256637015502980148e+01
5.980000000000000000e+02 9.213138548669128625e+01
5.990000000000000000e+02 9.169640081835277101e+01
6.000000000000000000e+02 9.126141615001426999e+01
6.010000000000000000e+02 9.082643148167575475e+01
6.020000000000000000e+02 9.039144681333723952e+01
6.030000000000000000e+02 8.995646214499873849e+01
6.040000000000000000e+02 8.952147747666022326e+01
6.050000000000000000e+02 8.907842803278030885e+01
6.060000000000000000e+02 8.862198046927372275e+01
6.070000000000000000e+02 8.816553290576713664e+01
6.080000000000000000e+02 8.770908534226053632e+01
6.090000000000000000e+02 8.725263777875395022e+01
6.100000000000000000e+02 8.679619021524734990e+01
6.110000000000000000e+02 8.633974265174076379e+01
6.120000000000000000e+02 8.588329508823417768e+01
6.130000000000000000e+02 8.542684752472757737e+01
6.140000000000000000e+02 8.497668008075038415e+01
6.150000000000000000e+02 8.453349923868776727e+01
6.160000000000000000e+02 8.409031839662515040e+01
6.170000000000000000e+02 8.364713755456251931e+01
6.180000000000000000e+02 8.320395671249990244e+01
6.190000000000000000e+02 8.276077587043727135e+01
6.200000000000000000e+02 8.231759502837465448e+01
6.210000000000000000e+02 8.187441418631203760e+01
6.220000000000000000e+02 8.143123334424940651e+01
6.230000000000000000e+02 8.098805250218678964e+01
6.240000000000000000e+02 8.054487166012415855e+01
6.250000000000000000e+02 8.013011043180641479e+01
6.260000000000000000e+02 7.972289691394449562e+01
6.270000000000000000e+02 7.931568339608259066e+01
6.280000000000000000e+02 7.890846987822067149e+01
6.290000000000000000e+02 7.850125636035876653e+01
6.300000000000000000e+02 7.809404284249684736e+01
6.310000000000000000e+02 7.768682932463494240e+01
6.320000000000000000e+02 7.727961580677302322e+01
6.330000000000000000e+02 7.687240228891111826e+01
6.340000000000000000e+02 7.646518877104919909e+01
6.350000000000000000e+02 7.599280296992968431e+01
6.360000000000000000e+02 7.552026395369584577e+01
6.370000000000000000e+02 7.504772493746202144e+01
6.380000000000000000e+02 7.457518592122819712e+01
6.390000000000000000e+02 7.410264690499437279e+01
6.400000000000000000e+02 7.363010788876054846e+01
6.410000000000000000e+02 7.315756887252672414e+01
6.420000000000000000e+02 7.268502985629288560e+01
6.430000000000000000e+02 7.225861651285347875e+01
6.440000000000000000e+02 7.183300340105503778e+01
6.450000000000000000e+02 7.140739028925658261e+01
6.460000000000000000e+02 7.098177717745812743e+01
6.470000000000000000e+02 7.055616406565968646e+01
6.480000000000000000e+02 7.013055095386123128e+01
6.490000000000000000e+02 6.970493784206279031e+01
6.500000000000000000e+02 6.927932473026433513e+01
6.510000000000000000e+02 6.885398147892783527e+01
6.520000000000000000e+02 6.842888357244835618e+01
6.530000000000000000e+02 6.800378566596886287e+01
6.540000000000000000e+02 6.757868775948936957e+01
6.550000000000000000e+02 6.715358985300989048e+01
6.560000000000000000e+02 6.672849194653039717e+01
6.570000000000000000e+02 6.630339404005091808e+01
6.580000000000000000e+02 6.587829613357142478e+01
6.590000000000000000e+02 6.545319822709193147e+01
6.600000000000000000e+02 6.502637693057387480e+01
6.610000000000000000e+02 6.459133446427260594e+01
6.620000000000000000e+02 6.415629199797135129e+01
6.630000000000000000e+02 6.372124953167008954e+01
6.640000000000000000e+02 6.328620706536882778e+01
6.650000000000000000e+02 6.285116459906756603e+01
6.660000000000000000e+02 6.241612213276630428e+01
6.670000000000000000e+02 6.198107966646504252e+01
6.680000000000000000e+02 6.154603720016378077e+01
6.690000000000000000e+02 6.111099473386251901e+01
6.700000000000000000e+02 6.072723509944557918e+01
6.710000000000000000e+02 6.042861318720783714e+01
6.720000000000000000e+02 6.012999127497010221e+01
6.730000000000000000e+02 5.983136936273236728e+01
6.740000000000000000e+02 5.953274745049463235e+01
6.750000000000000000e+02 5.923412553825689741e+01
6.760000000000000000e+02 5.893550362601916248e+01
6.770000000000000000e+02 5.863688171378142755e+01
6.780000000000000000e+02 5.833825980154369262e+01
6.790000000000000000e+02 5.803963788930595769e+01
6.800000000000000000e+02 5.774101597706822275e+01
6.810000000000000000e+02 5.744239406483048782e+01
6.820000000000000000e+02 5.714377215259275289e+01
6.830000000000000000e+02 5.684734836269048230e+01
6.840000000000000000e+02 5.664447460084031150e+01
6.850000000000000000e+02 5.644160083899013358e+01
6.860000000000000000e+02 5.623872707713996277e+01
6.870000000000000000e+02 5.603585331528978486e+01
6.880000000000000000e+02 5.583297955343961405e+01
6.890000000000000000e+02 5.563010579158943614e+01
6.900000000000000000e+02 5.542723202973925822e+01
6.910000000000000000e+02 5.522435826788908741e+01
6.920000000000000000e+02 5.502148450603890950e+01
6.930000000000000000e+02 5.481861074418873869e+01
6.940000000000000000e+02 5.461573698233856078e+01
6.950000000000000000e+02 5.441286322048838997e+01
6.960000000000000000e+02 5.420998945863821206e+01
6.970000000000000000e+02 5.397491181706019603e+01
6.980000000000000000e+02 5.372436353198500569e+01
6.990000000000000000e+02 5.347381524690981536e+01
7.000000000000000000e+02 5.322326696183462502e+01
7.010000000000000000e+02 5.297271867675942758e+01
7.020000000000000000e+02 5.272217039168423725e+01
7.030000000000000000e+02 5.247162210660904691e+01
7.040000000000000000e+02 5.222107382153385657e+01
7.050000000000000000e+02 5.197052553645866624e+01
7.060000000000000000e+02 5.171997725138347590e+01
7.070000000000000000e+02 5.146942896630828557e+01
7.080000000000000000e+02 5.121888068123309523e+01
7.090000000000000000e+02 5.091801230115854082e+01
7.100000000000000000e+02 5.059109764984277291e+01
7.110000000000000000e+02 5.026418299852699789e+01
7.120000000000000000e+02 4.993726834721122998e+01
7.130000000000000000e+02 4.961035369589546207e+01
7.140000000000000000e+02 4.928343904457968705e+01
7.150000000000000000e+02 4.895652439326391914e+01
7.160000000000000000e+02 4.862960974194815122e+01
7.170000000000000000e+02 4.830269509063237621e+01
7.180000000000000000e+02 4.797578043931660829e+01
7.190000000000000000e+02 4.766090762474159703e+01
7.200000000000000000e+02 4.736286333402695448e+01
7.210000000000000000e+02 4.706481904331231192e+01
7.220000000000000000e+02 4.676677475259766936e+01
7.230000000000000000e+02 4.646873046188302681e+01
7.240000000000000000e+02 4.617068617116839135e+01
7.250000000000000000e+02 4.587264188045374880e+01
7.260000000000000000e+02 4.557459758973910624e+01
7.270000000000000000e+02 4.527655329902446368e+01
7.280000000000000000e+02 4.497850900830982113e+01
7.290000000000000000e+02 4.468046471759518568e+01
7.300000000000000000e+02 4.438272961298765296e+01
7.310000000000000000e+02 4.408576959728800659e+01
7.320000000000000000e+02 4.378880958158836734e+01
7.330000000000000000e+02 4.349184956588872808e+01
7.340000000000000000e+02 4.319488955018908882e+01
7.350000000000000000e+02 4.289792953448944957e+01
7.360000000000000000e+02 4.260096951878980320e+01
7.370000000000000000e+02 4.230400950309016395e+01
7.380000000000000000e+02 4.202994105053232943e+01
7.390000000000000000e+02 4.181800852244188604e+01
7.400000000000000000e+02 4.160607599435144976e+01
7.410000000000000000e+02 4.139414346626100638e+01
7.420000000000000000e+02 4.118221093817056300e+01
7.430000000000000000e+02 4.097027841008011961e+01
7.440000000000000000e+02 4.075834588198967623e+01
7.450000000000000000e+02 4.054641335389923285e+01
7.460000000000000000e+02 4.033448082580879657e+01
7.470000000000000000e+02 4.012254829771835318e+01
7.480000000000000000e+02 3.991061576962790980e+01
7.490000000000000000e+02 3.969868324153746642e+01
7.500000000000000000e+02 3.948675071344702303e+01
7.510000000000000000e+02 3.927481818535657965e+01
7.520000000000000000e+02 3.910697318872767880e+01
7.530000000000000000e+02 3.898872494836709990e+01
7.540000000000000000e+02 3.887047670800652099e+01
7.550000000000000000e+02 3.875222846764594209e+01
7.560000000000000000e+02 3.863398022728536318e+01
7.570000000000000000e+02 3.851573198692478428e+01
7.580000000000000000e+02 3.839748374656420538e+01
7.590000000000000000e+02 3.827923550620362647e+01
7.600000000000000000e+02 3.816098726584304757e+01
7.610000000000000000e+02 3.804273902548246866e+01
7.620000000000000000e+02 3.792449078512188976e+01
7.630000000000000000e+02 3.780624254476131085e+01
7.640000000000000000e+02 3.768799430440073195e+01
7.650000000000000000e+02 3.756974606404015304e+01
7.660000000000000000e+02 3.745149782367957414e+01
7.670000000000000000e+02 3.733324958331899524e+01
7.680000000000000000e+02 3.721500134295841633e+01
7.690000000000000000e+02 3.709675310259783743e+01
7.700000000000000000e+02 3.699490388525127571e+01
7.710000000000000000e+02 3.690088480182682673e+01
7.720000000000000000e+02 3.680686571840237065e+01
7.730000000000000000e+02 3.671284663497791456e+01
7.740000000000000000e+02 3.661882755155345848e+01
7.750000000000000000e+02 3.652480846812900239e+01
7.760000000000000000e+02 3.643078938470454631e+01
7.770000000000000000e+02 3.633677030128009022e+01
7.780000000000000000e+02 3.624275121785564124e+01
7.790000000000000000e+02 3.614873213443118516e+01
7.800000000000000000e+02 3.605471305100672907e+01
7.810000000000000000e+02 3.595715229193842077e+01
7.820000000000000000e+02 3.583169440439795750e+01
7.830000000000000000e+02 3.570623651685749422e+01
7.840000000000000000e+02 3.558077862931703095e+01
7.850000000000000000e+02 3.545532074177656057e+01
7.860000000000000000e+02 3.532986285423609729e+01
7.870000000000000000e+02 3.520440496669563402e+01
7.880000000000000000e+02 3.507894707915517074e+01
7.890000000000000000e+02 3.495348919161470747e+01
7.900000000000000000e+02 3.482803130407424419e+01
7.910000000000000000e+02 3.470257341653378091e+01
7.920000000000000000e+02 3.457711552899331764e+01
7.930000000000000000e+02 3.445165764145285436e+01
7.940000000000000000e+02 3.432619975391239109e+01
7.950000000000000000e+02 3.420074186637192781e+01
7.960000000000000000e+02 3.406872006833003041e+01
7.970000000000000000e+02 3.393576643770681045e+01
7.980000000000000000e+02 3.380281280708359049e+01
7.990000000000000000e+02 3.366985917646037052e+01
8.000000000000000000e+02 3.353690554583715056e+01
8.010000000000000000e+02 3.340395191521393059e+01
8.020000000000000000e+02 3.327099828459071063e+01
8.030000000000000000e+02 3.313804465396749066e+01
8.040000000000000000e+02 3.300509102334427070e+01
8.050000000000000000e+02 3.287213739272105073e+01
8.060000000000000000e+02 3.273918376209783077e+01
8.070000000000000000e+02 3.260623013147460370e+01
8.080000000000000000e+02 3.247327650085138373e+01
8.090000000000000000e+02 3.233608748637978891e+01
8.100000000000000000e+02 3.215144676681845937e+01
8.110000000000000000e+02 3.196680604725711916e+01
8.120000000000000000e+02 3.178216532769578606e+01
8.130000000000000000e+02 3.159752460813444941e+01
8.140000000000000000e+02 3.141288388857311276e+01
8.150000000000000000e+02 3.122824316901177610e+01
8.160000000000000000e+02 3.104360244945044300e+01
8.170000000000000000e+02 3.085896172988910635e+01
8.180000000000000000e+02 3.067432101032776970e+01
8.190000000000000000e+02 3.048968029076643660e+01
8.200000000000000000e+02 3.030503957120509995e+01
8.210000000000000000e+02 3.009889957709952313e+01
8.220000000000000000e+02 2.989167154068546850e+01
8.230000000000000000e+02 2.968444350427141742e+01
8.240000000000000000e+02 2.947721546785736635e+01
8.250000000000000000e+02 2.926998743144331527e+01
8.260000000000000000e+02 2.906275939502926420e+01
8.270000000000000000e+02 2.885553135861520957e+01
8.280000000000000000e+02 2.864830332220115849e+01
8.290000000000000000e+02 2.844107528578710742e+01
8.300000000000000000e+02 2.823384724937305634e+01
8.310000000000000000e+02 2.802661921295900527e+01
8.320000000000000000e+02 2.782945031565525085e+01
8.330000000000000000e+02 2.764923517931492469e+01
8.340000000000000000e+02 2.746902004297459854e+01
8.350000000000000000e+02 2.728880490663426883e+01
8.360000000000000000e+02 2.710858977029394268e+01
8.370000000000000000e+02 2.692837463395361652e+01
8.380000000000000000e+02 2.674815949761329037e+01
8.390000000000000000e+02 2.656794436127296422e+01
8.400000000000000000e+02 2.638772922493263806e+01
8.410000000000000000e+02 2.621867801140352228e+01
8.420000000000000000e+02 2.606240244465887912e+01
8.430000000000000000e+02 2.590612687791423596e+01
8.440000000000000000e+02 2.574985131116959280e+01
8.450000000000000000e+02 2.559357574442494965e+01
8.460000000000000000e+02 2.543730017768030649e+01
8.470000000000000000e+02 2.528102461093566333e+01
8.480000000000000000e+02 2.512474904419102018e+01
8.490000000000000000e+02 2.496847347744637702e+01
8.500000000000000000e+02 2.481219791070173386e+01
8.510000000000000000e+02 2.465592234395709070e+01
8.520000000000000000e+02 2.452828984187690153e+01
8.530000000000000000e+02 2.440870456460704929e+01
8.540000000000000000e+02 2.428911928733719705e+01
8.550000000000000000e+02 2.416953401006734481e+01
8.560000000000000000e+02 2.404994873279749257e+01
8.570000000000000000e+02 2.393036345552764033e+01
8.580000000000000000e+02 2.381077817825779164e+01
8.590000000000000000e+02 2.369119290098793940e+01
8.600000000000000000e+02 2.357160762371808715e+01
8.610000000000000000e+02 2.345202234644823491e+01
8.620000000000000000e+02 2.333209332031429639e+01
8.630000000000000000e+02 2.321216039566462896e+01
8.640000000000000000e+02 2.309222747101496154e+01
8.650000000000000000e+02 2.297229454636529411e+01
8.660000000000000000e+02 2.285236162171563024e+01
8.670000000000000000e+02 2.273242869706596281e+01
8.680000000000000000e+02 2.261249577241629538e+01
8.690000000000000000e+02 2.249256284776662795e+01
8.700000000000000000e+02 2.237620472805961214e+01
8.710000000000000000e+02 2.229764419015112509e+01
8.720000000000000000e+02 2.221908365224263804e+01
8.730000000000000000e+02 2.214052311433415099e+01
8.740000000000000000e+02 2.206196257642566394e+01
8.750000000000000000e+02 2.198340203851717689e+01
8.760000000000000000e+02 2.190484150060868984e+01
8.770000000000000000e+02 2.182628096270019924e+01
8.780000000000000000e+02 2.174772042479171219e+01
8.790000000000000000e+02 2.166915988688322514e+01
8.800000000000000000e+02 2.159059934897473809e+01
8.810000000000000000e+02 2.151963333989596805e+01
8.820000000000000000e+02 2.145965588746638275e+01
8.830000000000000000e+02 2.139967843503680101e+01
8.840000000000000000e+02 2.133970098260721571e+01
8.850000000000000000e+02 2.127972353017763041e+01
8.860000000000000000e+02 2.121974607774804866e+01
8.870000000000000000e+02 2.115976862531846336e+01
8.880000000000000000e+02 2.109979117288887807e+01
8.890000000000000000e+02 2.103981372045929632e+01
8.900000000000000000e+02 2.097983626802971102e+01
8.910000000000000000e+02 2.091985881560012928e+01
8.920000000000000000e+02 2.085988136317054398e+01
8.930000000000000000e+02 2.079583304194387239e+01
8.940000000000000000e+02 2.072564865946566925e+01
8.950000000000000000e+02 2.065546427698746612e+01
8.960000000000000000e+02 2.058527989450926299e+01
8.970000000000000000e+02 2.051509551203106341e+01
8.980000000000000000e+02 2.044491112955286027e+01
8.990000000000000000e+02 2.037472674707465714e+01
9.000000000000000000e+02 2.030454236459645401e+01
9.010000000000000000e+02 2.023435798211825087e+01
9.020000000000000000e+02 2.016417359964005129e+01
9.030000000000000000e+02 2.009398921716184816e+01
9.040000000000000000e+02 2.002113832329202836e+01
9.050000000000000000e+02 1.994131574072813606e+01
9.060000000000000000e+02 1.986149315816424021e+01
9.070000000000000000e+02 1.978167057560034792e+01
9.080000000000000000e+02 1.970184799303645207e+01
9.090000000000000000e+02 1.962202541047255977e+01
9.100000000000000000e+02 1.954220282790866392e+01
9.110000000000000000e+02 1.946238024534477162e+01
9.120000000000000000e+02 1.938255766278087577e+01
9.130000000000000000e+02 1.930273508021698348e+01
9.140000000000000000e+02 1.922291249765308763e+01
9.150000000000000000e+02 1.914308991508919533e+01
9.160000000000000000e+02 1.906326733252529948e+01
9.170000000000000000e+02 1.892742499581538951e+01
9.180000000000000000e+02 1.877907516535744747e+01
9.190000000000000000e+02 1.863072533489950189e+01
9.200000000000000000e+02 1.848237550444155985e+01
9.210000000000000000e+02 1.833402567398361427e+01
9.220000000000000000e+02 1.818567584352567224e+01
9.230000000000000000e+02 1.803732601306773020e+01
9.240000000000000000e+02 1.788897618260978462e+01
9.250000000000000000e+02 1.774062635215184258e+01
9.260000000000000000e+02 1.757869405163943455e+01
9.270000000000000000e+02 1.741538179030089495e+01
9.280000000000000000e+02 1.725206952896235180e+01
9.290000000000000000e+02 1.708875726762381220e+01
9.300000000000000000e+02 1.692544500628527260e+01
9.310000000000000000e+02 1.676213274494672945e+01
9.320000000000000000e+02 1.664573035667081058e+01
9.330000000000000000e+02 1.655259943997599237e+01
9.340000000000000000e+02 1.645946852328117416e+01
9.350000000000000000e+02 1.636633760658635595e+01
9.360000000000000000e+02 1.627320668989153774e+01
9.370000000000000000e+02 1.618007577319671952e+01
9.380000000000000000e+02 1.608694485650190131e+01
9.390000000000000000e+02 1.599381393980708133e+01
9.400000000000000000e+02 1.590068302311226311e+01
9.410000000000000000e+02 1.580755210641744490e+01
9.420000000000000000e+02 1.571442118972262669e+01
9.430000000000000000e+02 1.565739766820413159e+01
9.440000000000000000e+02 1.560096256836595607e+01
9.450000000000000000e+02 1.554452746852778056e+01
9.460000000000000000e+02 1.548809236868960681e+01
9.470000000000000000e+02 1.543165726885143130e+01
9.480000000000000000e+02 1.537522216901325578e+01
9.490000000000000000e+02 1.531878706917508026e+01
9.500000000000000000e+02 1.526235196933690474e+01
9.510000000000000000e+02 1.520591686949872923e+01
9.520000000000000000e+02 1.514948176966055371e+01
9.530000000000000000e+02 1.509304666982237819e+01
9.540000000000000000e+02 1.505667379861333011e+01
9.550000000000000000e+02 1.504845094685346218e+01
9.560000000000000000e+02 1.504022809509359426e+01
9.570000000000000000e+02 1.503200524333372456e+01
9.580000000000000000e+02 1.502378239157385664e+01
9.590000000000000000e+02 1.501555953981398872e+01
9.600000000000000000e+02 1.500733668805412080e+01
9.610000000000000000e+02 1.499911383629425110e+01
9.620000000000000000e+02 1.499089098453438318e+01
9.630000000000000000e+02 1.498266813277451526e+01
9.640000000000000000e+02 1.497444528101464734e+01
9.650000000000000000e+02 1.496622242925477764e+01
9.660000000000000000e+02 1.495799957749490972e+01
9.670000000000000000e+02 1.494977672573504179e+01
9.680000000000000000e+02 1.494155387397517387e+01
9.690000000000000000e+02 1.493333102221530417e+01
9.700000000000000000e+02 1.493974124875212794e+01
9.710000000000000000e+02 1.496689970216675825e+01
9.720000000000000000e+02 1.499405815558138855e+01
9.730000000000000000e+02 1.502121660899601885e+01
9.740000000000000000e+02 1.504837506241065093e+01
9.750000000000000000e+02 1.507553351582528123e+01
9.760000000000000000e+02 1.510269196923991153e+01
9.770000000000000000e+02 1.512985042265454183e+01
9.780000000000000000e+02 1.515700887606917213e+01
9.790000000000000000e+02 1.518416732948380421e+01
9.800000000000000000e+02 1.521132578289843451e+01
9.810000000000000000e+02 1.523848423631306481e+01
9.820000000000000000e+02 1.526564268972769511e+01
9.830000000000000000e+02 1.529280114314232719e+01
9.840000000000000000e+02 1.531995959655695749e+01
9.850000000000000000e+02 1.535980992311814752e+01
9.860000000000000000e+02 1.542786781700741550e+01
9.870000000000000000e+02 1.549592571089668347e+01
9.880000000000000000e+02 1.556398360478594967e+01
9.890000000000000000e+02 1.563204149867521764e+01
9.900000000000000000e+02 1.570009939256448561e+01
9.910000000000000000e+02 1.576815728645375358e+01
9.920000000000000000e+02 1.583621518034302156e+01
9.930000000000000000e+02 1.590427307423228953e+01
9.940000000000000000e+02 1.597233096812155750e+01
9.950000000000000000e+02 1.604038886201082548e+01
9.960000000000000000e+02 1.608031796020578241e+01
9.970000000000000000e+02 1.610556344910618165e+01
9.980000000000000000e+02 1.613080893800657734e+01
9.990000000000000000e+02 1.615605442690697657e+01
1.000000000000000000e+03 1.618129991580737581e+01
1.001000000000000000e+03 1.620654540470777150e+01
1.002000000000000000e+03 1.623179089360817073e+01
1.003000000000000000e+03 1.625703638250856997e+01
1.004000000000000000e+03 1.625023058039790769e+01
1.005000000000000000e+03 1.622696057193481778e+01
1.006000000000000000e+03 1.620369056347172787e+01
1.007000000000000000e+03 1.618042055500863796e+01
1.008000000000000000e+03 1.615715054654554805e+01
1.009000000000000000e+03 1.613388053808245814e+01
1.010000000000000000e+03 1.611061052961936824e+01
1.011000000000000000e+03 1.608734052115627833e+01
1.012000000000000000e+03 1.606407051269318842e+01
1.013000000000000000e+03 1.604080050423009851e+01
1.014000000000000000e+03 1.601753049576700860e+01
1.015000000000000000e+03 1.599426048730392047e+01
1.016000000000000000e+03 1.597099047884083056e+01
1.017000000000000000e+03 1.593587509056388107e+01
1.018000000000000000e+03 1.587578713739659264e+01
1.019000000000000000e+03 1.581569918422930421e+01
1.020000000000000000e+03 1.575561123106201400e+01
1.021000000000000000e+03 1.569552327789472557e+01
1.022000000000000000e+03 1.563543532472743713e+01
1.023000000000000000e+03 1.557534737156014870e+01
1.024000000000000000e+03 1.551525941839285849e+01
1.025000000000000000e+03 1.545517146522557006e+01
1.026000000000000000e+03 1.539508351205828163e+01
1.027000000000000000e+03 1.533499555889099142e+01
1.028000000000000000e+03 1.527490760572370299e+01
1.029000000000000000e+03 1.521080383766734023e+01
1.030000000000000000e+03 1.514538474989380212e+01
1.031000000000000000e+03 1.507996566212026401e+01
1.032000000000000000e+03 1.501454657434672768e+01
1.033000000000000000e+03 1.494912748657318957e+01
1.034000000000000000e+03 1.488370839879965146e+01
1.035000000000000000e+03 1.481828931102611513e+01
1.036000000000000000e+03 1.475287022325257702e+01
1.037000000000000000e+03 1.468745113547904069e+01
1.038000000000000000e+03 1.462203204770550258e+01
1.039000000000000000e+03 1.455661295993196447e+01
1.040000000000000000e+03 1.449333210967830077e+01
1.041000000000000000e+03 1.443959796181477984e+01
1.042000000000000000e+03 1.438586381395125890e+01
1.043000000000000000e+03 1.433212966608773797e+01
1.044000000000000000e+03 1.427839551822421704e+01
1.045000000000000000e+03 1.422466137036069611e+01
1.046000000000000000e+03 1.417092722249717696e+01
1.047000000000000000e+03 1.411719307463365602e+01
1.048000000000000000e+03 1.406345892677013509e+01
1.049000000000000000e+03 1.401519248499035797e+01
1.050000000000000000e+03 1.396895519424734466e+01
1.051000000000000000e+03 1.392271790350433314e+01
1.052000000000000000e+03 1.387648061276132161e+01
1.053000000000000000e+03 1.383024332201831008e+01
1.054000000000000000e+03 1.378400603127529855e+01
1.055000000000000000e+03 1.373776874053228703e+01
1.056000000000000000e+03 1.369153144978927372e+01
1.057000000000000000e+03 1.364529415904626219e+01
1.058000000000000000e+03 1.359905686830325067e+01
1.059000000000000000e+03 1.355281957756023914e+01
1.060000000000000000e+03 1.350658228681722761e+01
1.061000000000000000e+03 1.346505085708059291e+01
1.062000000000000000e+03 1.342537084185653029e+01
1.063000000000000000e+03 1.338569082663246768e+01
1.064000000000000000e+03 1.334601081140840506e+01
1.065000000000000000e+03 1.330633079618434245e+01
1.066000000000000000e+03 1.326665078096027983e+01
1.067000000000000000e+03 1.322697076573621722e+01
1.068000000000000000e+03 1.318729075051215460e+01
1.069000000000000000e+03 1.314761073528809199e+01
1.070000000000000000e+03 1.310793072006402937e+01
1.071000000000000000e+03 1.306825070483996498e+01
1.072000000000000000e+03 1.302857068961590237e+01
1.073000000000000000e+03 1.298889067439183975e+01
1.074000000000000000e+03 1.294921065916777714e+01
1.075000000000000000e+03 1.290953064394371452e+01
1.076000000000000000e+03 1.286985062871965191e+01
1.077000000000000000e+03 1.283017061349558929e+01
1.078000000000000000e+03 1.279343395684664308e+01
1.079000000000000000e+03 1.275736984323246226e+01
1.080000000000000000e+03 1.272130572961828321e+01
1.081000000000000000e+03 1.268524161600410416e+01
1.082000000000000000e+03 1.264917750238992511e+01
1.083000000000000000e+03 1.261311338877574428e+01
1.084000000000000000e+03 1.257704927516156523e+01
1.085000000000000000e+03 1.254098516154738618e+01
1.086000000000000000e+03 1.250492104793320536e+01
1.087000000000000000e+03 1.246885693431902631e+01
1.088000000000000000e+03 1.243279282070484726e+01
1.089000000000000000e+03 1.239672870709066643e+01
1.090000000000000000e+03 1.236066459347648738e+01
1.091000000000000000e+03 1.232784460212375066e+01
1.092000000000000000e+03 1.229868882669609498e+01
1.093000000000000000e+03 1.226953305126844107e+01
1.094000000000000000e+03 1.224037727584078716e+01
1.095000000000000000e+03 1.221122150041313148e+01
1.096000000000000000e+03 1.218206572498547757e+01
1.097000000000000000e+03 1.215290994955782189e+01
1.098000000000000000e+03 1.212375417413016798e+01
1.099000000000000000e+03 1.209459839870251230e+01
1.100000000000000000e+03 1.206544262327485839e+01
1.101000000000000000e+03 1.203628684784720271e+01
1.102000000000000000e+03 1.200943891743881586e+01
1.103000000000000000e+03 1.198318414331586190e+01
1.104000000000000000e+03 1.195692936919290617e+01
1.105000000000000000e+03 1.193067459506995220e+01
1.106000000000000000e+03 1.190441982094699824e+01
1.107000000000000000e+03 1.187816504682404251e+01
1.108000000000000000e+03 1.185191027270108854e+01
1.109000000000000000e+03 1.182565549857813458e+01
1.110000000000000000e+03 1.179940072445517885e+01
1.111000000000000000e+03 1.177314595033222488e+01
1.112000000000000000e+03 1.174689117620927092e+01
1.113000000000000000e+03 1.172127827645762110e+01
1.114000000000000000e+03 1.169778332164471912e+01
1.115000000000000000e+03 1.167428836683181714e+01
1.116000000000000000e+03 1.165079341201891516e+01
1.117000000000000000e+03 1.162729845720601318e+01
1.118000000000000000e+03 1.160380350239311120e+01
1.119000000000000000e+03 1.158030854758020922e+01
1.120000000000000000e+03 1.155681359276730724e+01
1.121000000000000000e+03 1.153331863795440526e+01
1.122000000000000000e+03 1.150982368314150328e+01
1.123000000000000000e+03 1.148632872832860130e+01
1.124000000000000000e+03 1.146283377351569932e+01
1.125000000000000000e+03 1.143933881870279734e+01
1.126000000000000000e+03 1.141584386388989536e+01
1.127000000000000000e+03 1.139234890907699338e+01
1.128000000000000000e+03 1.137027119864134583e+01
1.129000000000000000e+03 1.134931943003336485e+01
1.130000000000000000e+03 1.132836766142538210e+01
1.131000000000000000e+03 1.130741589281740112e+01
1.132000000000000000e+03 1.128646412420941836e+01
1.133000000000000000e+03 1.126551235560143738e+01
1.134000000000000000e+03 1.124456058699345462e+01
1.135000000000000000e+03 1.122360881838547364e+01
1.136000000000000000e+03 1.120265704977749088e+01
1.137000000000000000e+03 1.118170528116950990e+01
1.138000000000000000e+03 1.116075351256152892e+01
1.139000000000000000e+03 1.113980174395354616e+01
1.140000000000000000e+03 1.111884997534556518e+01
1.141000000000000000e+03 1.109789820673758243e+01
1.142000000000000000e+03 1.107694643812960145e+01
1.143000000000000000e+03 1.105599466952161869e+01
1.144000000000000000e+03 1.103504290091363771e+01
1.145000000000000000e+03 1.101409113230565495e+01
1.146000000000000000e+03 1.099746809741256115e+01
1.147000000000000000e+03 1.098982874613208338e+01
1.148000000000000000e+03 1.098218939485160561e+01
1.149000000000000000e+03 1.097455004357112784e+01
1.150000000000000000e+03 1.096691069229065008e+01
1.151000000000000000e+03 1.095927134101017231e+01
1.152000000000000000e+03 1.095163198972969631e+01
1.153000000000000000e+03 1.094399263844921855e+01
1.154000000000000000e+03 1.093635328716874078e+01
1.155000000000000000e+03 1.092871393588826301e+01
1.156000000000000000e+03 1.092107458460778524e+01
1.157000000000000000e+03 1.091343523332730747e+01
1.158000000000000000e+03 1.090579588204683148e+01
1.159000000000000000e+03 1.089815653076635371e+01
1.160000000000000000e+03 1.089051717948587594e+01
1.161000000000000000e+03 1.088287782820539817e+01
1.162000000000000000e+03 1.087523847692492041e+01
1.163000000000000000e+03 1.086759912564444264e+01
1.164000000000000000e+03 1.085995977436396664e+01
1.165000000000000000e+03 1.085336031437905113e+01
1.166000000000000000e+03 1.084730926301593179e+01
1.167000000000000000e+03 1.084125821165281423e+01
1.168000000000000000e+03 1.083520716028969488e+01
1.169000000000000000e+03 1.082915610892657732e+01
1.170000000000000000e+03 1.082310505756345798e+01
1.171000000000000000e+03 1.081705400620033863e+01
1.172000000000000000e+03 1.081100295483722107e+01
1.173000000000000000e+03 1.080495190347410173e+01
1.174000000000000000e+03 1.079890085211098416e+01
1.175000000000000000e+03 1.079284980074786482e+01
1.176000000000000000e+03 1.078679874938474548e+01
1.177000000000000000e+03 1.078074769802162791e+01
1.178000000000000000e+03 1.077469664665850857e+01
1.179000000000000000e+03 1.076864559529539100e+01
1.180000000000000000e+03 1.076259454393227166e+01
1.181000000000000000e+03 1.075654349256915232e+01
1.182000000000000000e+03 1.075049244120603475e+01
1.183000000000000000e+03 1.074444138984291541e+01
1.184000000000000000e+03 1.073956416312214657e+01
1.185000000000000000e+03 1.074574162192346982e+01
1.186000000000000000e+03 1.075191908072479308e+01
1.187000000000000000e+03 1.075809653952611811e+01
1.188000000000000000e+03 1.076427399832744136e+01
1.189000000000000000e+03 1.077045145712876462e+01
1.190000000000000000e+03 1.077662891593008965e+01
1.191000000000000000e+03 1.078280637473141290e+01
1.192000000000000000e+03 1.078898383353273793e+01
1.193000000000000000e+03 1.079516129233406119e+01
1.194000000000000000e+03 1.080133875113538444e+01
1.195000000000000000e+03 1.080751620993670947e+01
1.196000000000000000e+03 1.081369366873803273e+01
1.197000000000000000e+03 1.081987112753935598e+01
1.198000000000000000e+03 1.082604858634068101e+01
1.199000000000000000e+03 1.083222604514200427e+01
1.200000000000000000e+03 1.083840350394332930e+01
1.201000000000000000e+03 1.084458096274465255e+01
1.202000000000000000e+03 1.086237039066253907e+01
1.203000000000000000e+03 1.090470436948948851e+01
1.204000000000000000e+03 1.094703834831643974e+01
1.205000000000000000e+03 1.098937232714338919e+01
1.206000000000000000e+03 1.103170630597034041e+01
1.207000000000000000e+03 1.107404028479728986e+01
1.208000000000000000e+03 1.111637426362424108e+01
1.209000000000000000e+03 1.115870824245119053e+01
1.210000000000000000e+03 1.120104222127814175e+01
1.211000000000000000e+03 1.124337620010509120e+01
1.212000000000000000e+03 1.128571017893204242e+01
1.213000000000000000e+03 1.132804415775899187e+01
1.214000000000000000e+03 1.142197975679172117e+01
1.215000000000000000e+03 1.153060915972627143e+01
1.216000000000000000e+03 1.163923856266082346e+01
1.217000000000000000e+03 1.174786796559537372e+01
1.218000000000000000e+03 1.185649736852992575e+01
1.219000000000000000e+03 1.196512677146447601e+01
1.220000000000000000e+03 1.207375617439902626e+01
1.221000000000000000e+03 1.218238557733357830e+01
1.222000000000000000e+03 1.232517270165892675e+01
1.223000000000000000e+03 1.247651595325065976e+01
1.224000000000000000e+03 1.262785920484239455e+01
1.225000000000000000e+03 1.277920245643412933e+01
1.226000000000000000e+03 1.293054570802586412e+01
1.227000000000000000e+03 1.308188895961759712e+01
1.228000000000000000e+03 1.323323221120933191e+01
1.229000000000000000e+03 1.341374735303643106e+01
1.230000000000000000e+03 1.360600695718935071e+01
1.231000000000000000e+03 1.379826656134227036e+01
1.232000000000000000e+03 1.399052616549519001e+01
1.233000000000000000e+03 1.418278576964811144e+01
1.234000000000000000e+03 1.437504537380103109e+01
1.235000000000000000e+03 1.467203276481625984e+01
1.236000000000000000e+03 1.497357040374301818e+01
1.237000000000000000e+03 1.527510804266977651e+01
1.238000000000000000e+03 1.557664568159653484e+01
1.239000000000000000e+03 1.578287427075471072e+01
1.240000000000000000e+03 1.598731097671011980e+01
1.241000000000000000e+03 1.619174768266552888e+01
1.242000000000000000e+03 1.639618438862093797e+01
1.243000000000000000e+03 1.660062109457634705e+01
1.244000000000000000e+03 1.669708256239721678e+01
1.245000000000000000e+03 1.673981320658732486e+01
1.246000000000000000e+03 1.678254385077743294e+01
1.247000000000000000e+03 1.682527449496754102e+01
1.248000000000000000e+03 1.686800513915764910e+01
1.249000000000000000e+03 1.691073578334775718e+01
1.250000000000000000e+03 1.695346642753786881e+01
1.251000000000000000e+03 1.699619707172797689e+01
1.252000000000000000e+03 1.703892771591808497e+01
1.253000000000000000e+03 1.708165836010819305e+01
1.254000000000000000e+03 1.712438900429830113e+01
1.255000000000000000e+03 1.716711964848840921e+01
1.256000000000000000e+03 1.719983681308297818e+01
1.257000000000000000e+03 1.719947401459349123e+01
1.258000000000000000e+03 1.719911121610400428e+01
1.259000000000000000e+03 1.719874841761451734e+01
1.260000000000000000e+03 1.719838561912503039e+01
1.261000000000000000e+03 1.719802282063554344e+01
1.262000000000000000e+03 1.719766002214605649e+01
1.263000000000000000e+03 1.719729722365657310e+01
1.264000000000000000e+03 1.719693442516708615e+01
1.265000000000000000e+03 1.719657162667759920e+01
1.266000000000000000e+03 1.719620882818811225e+01
1.267000000000000000e+03 1.719584602969862530e+01
1.268000000000000000e+03 1.718815301636192672e+01
1.269000000000000000e+03 1.717695857041899288e+01
1.270000000000000000e+03 1.716576412447605904e+01
1.271000000000000000e+03 1.715456967853312520e+01
1.272000000000000000e+03 1.714337523259019136e+01
1.273000000000000000e+03 1.713218078664725752e+01
1.274000000000000000e+03 1.712098634070432368e+01
1.275000000000000000e+03 1.710979189476138984e+01
1.276000000000000000e+03 1.709859744881845600e+01
1.277000000000000000e+03 1.708740300287552216e+01
1.278000000000000000e+03 1.707620855693258832e+01
1.279000000000000000e+03 1.706501411098965448e+01
1.280000000000000000e+03 1.705381966504672064e+01
1.281000000000000000e+03 1.704357040306714310e+01
1.282000000000000000e+03 1.703514871201963388e+01
1.283000000000000000e+03 1.702672702097212465e+01
1.284000000000000000e+03 1.701830532992461187e+01
1.285000000000000000e+03 1.700988363887710264e+01
1.286000000000000000e+03 1.700146194782959341e+01
1.287000000000000000e+03 1.699304025678208419e+01
1.288000000000000000e+03 1.698461856573457496e+01
1.289000000000000000e+03 1.697619687468706218e+01
1.290000000000000000e+03 1.696777518363955295e+01
1.291000000000000000e+03 1.695935349259204372e+01
1.292000000000000000e+03 1.695093180154453449e+01
1.293000000000000000e+03 1.694251011049702527e+01
1.294000000000000000e+03 1.693405447985001544e+01
1.295000000000000000e+03 1.691961032458056380e+01
1.296000000000000000e+03 1.690516616931110860e+01
1.297000000000000000e+03 1.689072201404165696e+01
1.298000000000000000e+03 1.687627785877220532e+01
1.299000000000000000e+03 1.686183370350275013e+01
1.300000000000000000e+03 1.684738954823329848e+01
1.301000000000000000e+03 1.683294539296384684e+01
1.302000000000000000e+03 1.681850123769439520e+01
1.303000000000000000e+03 1.680405708242494001e+01
1.304000000000000000e+03 1.678961292715548836e+01
1.305000000000000000e+03 1.677516877188603672e+01
1.306000000000000000e+03 1.676072461661658508e+01
1.307000000000000000e+03 1.674628046134712989e+01
1.308000000000000000e+03 1.673183630607767824e+01
1.309000000000000000e+03 1.671739215080822660e+01
1.310000000000000000e+03 1.669698144330643075e+01
1.311000000000000000e+03 1.667583907219983885e+01
1.312000000000000000e+03 1.665469670109324696e+01
1.313000000000000000e+03 1.663355432998665506e+01
1.314000000000000000e+03 1.661241195888005961e+01
1.315000000000000000e+03 1.659126958777346772e+01
1.316000000000000000e+03 1.657012721666687582e+01
1.317000000000000000e+03 1.654898484556028393e+01
1.318000000000000000e+03 1.652784247445369203e+01
1.319000000000000000e+03 1.650670010334709659e+01
1.320000000000000000e+03 1.648555773224050469e+01
1.321000000000000000e+03 1.646441536113391280e+01
1.322000000000000000e+03 1.644327299002732090e+01
1.323000000000000000e+03 1.642213061892072545e+01
1.324000000000000000e+03 1.640098824781413356e+01
1.325000000000000000e+03 1.637851342374244723e+01
1.326000000000000000e+03 1.635564968601888935e+01
1.327000000000000000e+03 1.633278594829532793e+01
1.328000000000000000e+03 1.630992221057176650e+01
1.329000000000000000e+03 1.628705847284820507e+01
1.330000000000000000e+03 1.626419473512464720e+01
1.331000000000000000e+03 1.624133099740108577e+01
1.332000000000000000e+03 1.621846725967752434e+01
1.333000000000000000e+03 1.619560352195396291e+01
1.334000000000000000e+03 1.617273978423040504e+01
1.335000000000000000e+03 1.615023552684735719e+01
1.336000000000000000e+03 1.613085987047132264e+01
1.337000000000000000e+03 1.611148421409528453e+01
1.338000000000000000e+03 1.609210855771924642e+01
1.339000000000000000e+03 1.607273290134320831e+01
1.340000000000000000e+03 1.605335724496717376e+01
1.341000000000000000e+03 1.603398158859113565e+01
1.342000000000000000e+03 1.601460593221509754e+01
1.343000000000000000e+03 1.599523027583906121e+01
1.344000000000000000e+03 1.597585461946302487e+01
1.345000000000000000e+03 1.595647896308698854e+01
1.346000000000000000e+03 1.594262192925509325e+01
1.347000000000000000e+03 1.593600128375963010e+01
1.348000000000000000e+03 1.592938063826416695e+01
1.349000000000000000e+03 1.592275999276870557e+01
1.350000000000000000e+03 1.591613934727324242e+01
1.351000000000000000e+03 1.590951870177777927e+01
1.352000000000000000e+03 1.590289805628231612e+01
1.353000000000000000e+03 1.589627741078685474e+01
1.354000000000000000e+03 1.588965676529139159e+01
1.355000000000000000e+03 1.588303611979592844e+01
1.356000000000000000e+03 1.587641547430046529e+01
1.357000000000000000e+03 1.586979482880500214e+01
1.358000000000000000e+03 1.586317418330954077e+01
1.359000000000000000e+03 1.585655353781407761e+01
1.360000000000000000e+03 1.584993289231861446e+01
1.361000000000000000e+03 1.584331224682315131e+01
