wavelength(mic) abs_k(a=0.01mic) abs_k(a=0.1mic) abs_k(a=1.0mic)
2.0180e-03	8.3627e+03	7.5625e+03	3.4144e+03
2.0336e-03	8.5300e+03	7.6986e+03	3.4349e+03
2.0494e-03	8.6999e+03	7.8367e+03	3.4556e+03
2.0652e-03	8.8729e+03	7.9769e+03	3.4764e+03
2.0812e-03	9.0493e+03	8.1174e+03	3.4945e+03
2.0973e-03	9.2285e+03	8.2599e+03	3.5124e+03
2.1136e-03	9.4108e+03	8.4043e+03	3.5302e+03
2.1299e-03	9.5976e+03	8.5519e+03	3.5481e+03
2.1464e-03	9.7877e+03	8.7018e+03	3.5661e+03
2.1630e-03	9.9809e+03	8.8539e+03	3.5842e+03
2.1798e-03	1.0179e+04	9.0094e+03	3.6024e+03
2.1967e-03	1.0382e+04	9.1669e+03	3.6191e+03
2.2137e-03	1.0590e+04	9.3264e+03	3.6344e+03
2.2308e-03	1.0803e+04	9.4892e+03	3.6497e+03
2.2481e-03	1.1020e+04	9.6546e+03	3.6650e+03
2.2655e-03	1.1240e+04	9.8225e+03	3.6804e+03
2.2830e-03	1.1466e+04	9.9941e+03	3.6958e+03
2.3007e-03	1.1696e+04	1.0168e+04	3.7113e+03
2.3185e-03	1.1929e+04	1.0344e+04	3.7266e+03
2.3364e-03	1.2151e+04	1.0508e+04	3.7381e+03
2.3545e-03	1.2377e+04	1.0674e+04	3.7497e+03
2.3728e-03	1.2606e+04	1.0843e+04	3.7613e+03
2.3911e-03	1.2841e+04	1.1015e+04	3.7730e+03
2.4096e-03	1.3079e+04	1.1190e+04	3.7846e+03
2.4283e-03	1.3322e+04	1.1367e+04	3.7964e+03
2.4471e-03	1.3570e+04	1.1547e+04	3.8079e+03
2.4660e-03	1.3828e+04	1.1731e+04	3.8184e+03
2.4851e-03	1.4093e+04	1.1917e+04	3.8283e+03
2.5044e-03	1.4364e+04	1.2107e+04	3.8381e+03
2.5238e-03	1.4640e+04	1.2299e+04	3.8480e+03
2.5433e-03	1.4920e+04	1.2494e+04	3.8579e+03
2.5630e-03	1.5207e+04	1.2693e+04	3.8678e+03
2.5828e-03	1.5499e+04	1.2895e+04	3.8775e+03
2.6028e-03	1.5797e+04	1.3099e+04	3.8869e+03
2.6230e-03	1.6104e+04	1.3304e+04	3.8944e+03
2.6433e-03	1.6418e+04	1.3513e+04	3.9019e+03
2.6637e-03	1.6736e+04	1.3724e+04	3.9095e+03
2.6844e-03	1.7061e+04	1.3939e+04	3.9170e+03
2.7051e-03	1.7393e+04	1.4157e+04	3.9246e+03
2.7261e-03	1.7729e+04	1.4378e+04	3.9321e+03
2.7472e-03	1.8068e+04	1.4598e+04	3.9392e+03
2.7685e-03	1.8401e+04	1.4809e+04	3.9453e+03
2.7899e-03	1.8733e+04	1.5017e+04	3.9509e+03
2.8115e-03	1.9072e+04	1.5228e+04	3.9565e+03
2.8333e-03	1.9417e+04	1.5442e+04	3.9621e+03
2.8552e-03	1.9767e+04	1.5659e+04	3.9677e+03
2.8773e-03	2.0124e+04	1.5879e+04	3.9733e+03
2.8996e-03	2.0489e+04	1.6101e+04	3.9787e+03
2.9220e-03	2.0861e+04	1.6325e+04	3.9837e+03
2.9446e-03	2.1242e+04	1.6549e+04	3.9880e+03
2.9674e-03	2.1631e+04	1.6776e+04	3.9923e+03
2.9904e-03	2.2025e+04	1.7006e+04	3.9966e+03
3.0136e-03	2.2428e+04	1.7239e+04	4.0009e+03
3.0369e-03	2.2838e+04	1.7475e+04	4.0052e+03
3.0604e-03	2.3257e+04	1.7715e+04	4.0094e+03
3.0841e-03	2.3693e+04	1.7961e+04	4.0136e+03
3.1080e-03	2.4157e+04	1.8214e+04	4.0174e+03
3.1320e-03	2.4634e+04	1.8473e+04	4.0211e+03
3.1563e-03	2.5122e+04	1.8735e+04	4.0249e+03
3.1807e-03	2.5620e+04	1.9001e+04	4.0287e+03
3.2053e-03	2.6126e+04	1.9271e+04	4.0324e+03
3.2302e-03	2.6644e+04	1.9545e+04	4.0362e+03
3.2552e-03	2.7164e+04	1.9814e+04	4.0396e+03
3.2804e-03	2.7687e+04	2.0080e+04	4.0426e+03
3.3058e-03	2.8209e+04	2.0338e+04	4.0450e+03
3.3313e-03	2.8742e+04	2.0599e+04	4.0474e+03
3.3571e-03	2.9284e+04	2.0862e+04	4.0498e+03
3.3831e-03	2.9835e+04	2.1130e+04	4.0522e+03
3.4093e-03	3.0399e+04	2.1401e+04	4.0546e+03
3.4357e-03	3.0969e+04	2.1672e+04	4.0569e+03
3.4623e-03	3.1543e+04	2.1938e+04	4.0590e+03
3.4891e-03	3.2117e+04	2.2195e+04	4.0608e+03
3.5161e-03	3.2698e+04	2.2453e+04	4.0625e+03
3.5433e-03	3.3290e+04	2.2713e+04	4.0642e+03
3.5708e-03	3.3894e+04	2.2977e+04	4.0659e+03
3.5984e-03	3.4508e+04	2.3244e+04	4.0676e+03
3.6263e-03	3.5132e+04	2.3513e+04	4.0692e+03
3.6544e-03	3.5762e+04	2.3776e+04	4.0711e+03
3.6826e-03	3.6397e+04	2.4035e+04	4.0730e+03
3.7112e-03	3.7038e+04	2.4289e+04	4.0751e+03
3.7399e-03	3.7692e+04	2.4547e+04	4.0772e+03
3.7688e-03	3.8356e+04	2.4806e+04	4.0792e+03
3.7980e-03	3.9031e+04	2.5069e+04	4.0813e+03
3.8274e-03	3.9720e+04	2.5334e+04	4.0834e+03
3.8570e-03	4.0420e+04	2.5599e+04	4.0854e+03
3.8869e-03	4.1135e+04	2.5862e+04	4.0874e+03
3.9170e-03	4.1867e+04	2.6122e+04	4.0893e+03
3.9473e-03	4.2610e+04	2.6384e+04	4.0912e+03
3.9779e-03	4.3365e+04	2.6648e+04	4.0931e+03
4.0087e-03	4.4137e+04	2.6915e+04	4.0950e+03
4.0397e-03	4.4920e+04	2.7185e+04	4.0969e+03
4.0710e-03	4.5717e+04	2.7457e+04	4.0988e+03
4.1025e-03	4.6524e+04	2.7718e+04	4.1006e+03
4.1343e-03	4.7342e+04	2.7975e+04	4.1023e+03
4.1663e-03	4.8171e+04	2.8228e+04	4.1039e+03
4.1985e-03	4.9017e+04	2.8483e+04	4.1055e+03
4.2310e-03	4.9876e+04	2.8741e+04	4.1072e+03
4.2638e-03	5.0749e+04	2.9001e+04	4.1088e+03
4.2968e-03	5.1641e+04	2.9264e+04	4.1105e+03
4.3301e-03	4.6989e+04	2.6932e+04	3.9859e+03
4.3636e-03	3.5533e+04	2.1417e+04	3.7065e+03
4.3974e-03	2.4756e+04	1.5820e+04	3.3404e+03
4.4314e-03	1.6218e+04	1.1210e+04	2.9946e+03
4.4657e-03	1.0405e+04	7.8233e+03	2.6791e+03
4.5003e-03	7.1771e+03	5.7360e+03	2.4101e+03
4.5351e-03	4.7061e+03	4.0670e+03	2.1607e+03
4.5702e-03	3.0111e+03	2.8332e+03	1.9328e+03
4.6056e-03	2.7345e+03	2.6236e+03	1.8952e+03
4.6413e-03	2.6303e+03	2.5481e+03	1.8892e+03
4.6772e-03	2.6783e+03	2.5927e+03	1.9125e+03
4.7134e-03	2.7274e+03	2.6384e+03	1.9363e+03
4.7499e-03	2.7773e+03	2.6847e+03	1.9602e+03
4.7867e-03	2.8279e+03	2.7318e+03	1.9845e+03
4.8237e-03	2.8797e+03	2.7799e+03	2.0091e+03
4.8611e-03	2.9329e+03	2.8292e+03	2.0337e+03
4.8987e-03	2.9875e+03	2.8798e+03	2.0583e+03
4.9366e-03	3.0436e+03	2.9318e+03	2.0831e+03
4.9748e-03	3.1006e+03	2.9847e+03	2.1082e+03
5.0134e-03	3.1585e+03	3.0383e+03	2.1336e+03
5.0522e-03	3.2178e+03	3.0932e+03	2.1593e+03
5.0913e-03	3.2781e+03	3.1489e+03	2.1854e+03
5.1307e-03	3.3393e+03	3.2055e+03	2.2116e+03
5.1704e-03	3.4019e+03	3.2631e+03	2.2367e+03
5.2104e-03	3.4656e+03	3.3216e+03	2.2619e+03
5.2508e-03	3.5303e+03	3.3810e+03	2.2872e+03
5.2914e-03	3.5965e+03	3.4417e+03	2.3129e+03
5.3324e-03	3.6638e+03	3.5034e+03	2.3388e+03
5.3737e-03	3.7322e+03	3.5660e+03	2.3650e+03
5.4153e-03	3.8021e+03	3.6300e+03	2.3916e+03
5.4572e-03	3.8735e+03	3.6946e+03	2.4173e+03
5.4994e-03	3.9463e+03	3.7599e+03	2.4425e+03
5.5420e-03	4.0207e+03	3.8265e+03	2.4679e+03
5.5849e-03	4.0964e+03	3.8942e+03	2.4935e+03
5.6282e-03	4.1734e+03	3.9629e+03	2.5194e+03
5.6717e-03	4.2521e+03	4.0331e+03	2.5455e+03
5.7156e-03	4.3321e+03	4.1045e+03	2.5719e+03
5.7599e-03	4.4134e+03	4.1768e+03	2.5982e+03
5.8045e-03	4.4957e+03	4.2500e+03	2.6223e+03
5.8494e-03	4.5794e+03	4.3244e+03	2.6466e+03
5.8947e-03	4.6644e+03	4.4000e+03	2.6711e+03
5.9403e-03	4.7513e+03	4.4771e+03	2.6958e+03
5.9863e-03	4.8398e+03	4.5555e+03	2.7207e+03
6.0327e-03	4.9297e+03	4.6350e+03	2.7459e+03
6.0794e-03	5.0214e+03	4.7161e+03	2.7712e+03
6.1264e-03	5.1132e+03	4.7967e+03	2.7948e+03
6.1739e-03	5.2056e+03	4.8777e+03	2.8178e+03
6.2217e-03	5.2999e+03	4.9602e+03	2.8410e+03
6.2698e-03	5.3960e+03	5.0441e+03	2.8643e+03
6.3184e-03	5.4935e+03	5.1292e+03	2.8879e+03
6.3673e-03	5.5930e+03	5.2159e+03	2.9116e+03
6.4166e-03	5.6942e+03	5.3039e+03	2.9354e+03
6.4662e-03	5.7965e+03	5.3926e+03	2.9586e+03
6.5163e-03	5.8991e+03	5.4804e+03	2.9796e+03
6.5668e-03	6.0035e+03	5.5697e+03	3.0007e+03
6.6176e-03	6.1095e+03	5.6602e+03	3.0219e+03
6.6688e-03	6.2176e+03	5.7524e+03	3.0433e+03
6.7205e-03	6.3276e+03	5.8461e+03	3.0649e+03
6.7725e-03	6.4393e+03	5.9410e+03	3.0865e+03
6.8249e-03	6.5529e+03	6.0369e+03	3.1079e+03
6.8777e-03	6.6674e+03	6.1312e+03	3.1278e+03
6.9310e-03	6.7832e+03	6.2257e+03	3.1473e+03
6.9846e-03	6.9011e+03	6.3218e+03	3.1668e+03
7.0387e-03	7.0213e+03	6.4194e+03	3.1865e+03
7.0932e-03	7.1432e+03	6.5183e+03	3.2063e+03
7.1481e-03	7.2674e+03	6.6189e+03	3.2263e+03
7.2035e-03	7.3938e+03	6.7214e+03	3.2458e+03
7.2592e-03	7.5220e+03	6.8260e+03	3.2647e+03
7.3154e-03	7.6520e+03	6.9335e+03	3.2816e+03
7.3721e-03	7.7845e+03	7.0430e+03	3.2987e+03
7.4291e-03	7.9190e+03	7.1539e+03	3.3158e+03
7.4867e-03	8.0559e+03	7.2666e+03	3.3331e+03
7.5446e-03	8.1954e+03	7.3813e+03	3.3504e+03
7.6030e-03	8.3371e+03	7.4975e+03	3.3677e+03
7.6619e-03	8.4814e+03	7.6157e+03	3.3846e+03
7.7212e-03	8.6291e+03	7.7359e+03	3.4004e+03
7.7810e-03	8.7792e+03	7.8578e+03	3.4159e+03
7.8412e-03	8.9320e+03	7.9816e+03	3.4315e+03
7.9019e-03	9.0877e+03	8.1076e+03	3.4471e+03
7.9631e-03	9.2457e+03	8.2354e+03	3.4629e+03
8.0247e-03	9.4066e+03	8.3652e+03	3.4787e+03
8.0869e-03	9.5701e+03	8.4942e+03	3.4935e+03
8.1495e-03	9.7356e+03	8.6222e+03	3.5075e+03
8.2126e-03	9.9032e+03	8.7476e+03	3.5201e+03
8.2761e-03	1.0074e+04	8.8751e+03	3.5327e+03
8.3402e-03	1.0248e+04	9.0043e+03	3.5454e+03
8.4048e-03	1.0424e+04	9.1353e+03	3.5581e+03
8.4698e-03	1.0604e+04	9.2684e+03	3.5709e+03
8.5354e-03	1.0786e+04	9.4037e+03	3.5833e+03
8.6015e-03	1.0971e+04	9.5414e+03	3.5952e+03
8.6681e-03	1.1158e+04	9.6826e+03	3.6058e+03
8.7352e-03	1.1347e+04	9.8259e+03	3.6162e+03
8.8028e-03	1.1540e+04	9.9712e+03	3.6266e+03
8.8710e-03	1.1737e+04	1.0119e+04	3.6371e+03
8.9396e-03	1.1936e+04	1.0269e+04	3.6476e+03
9.0088e-03	1.2138e+04	1.0420e+04	3.6582e+03
9.0786e-03	1.2337e+04	1.0566e+04	3.6674e+03
9.1489e-03	1.2534e+04	1.0708e+04	3.6759e+03
9.2197e-03	1.2728e+04	1.0845e+04	3.6833e+03
9.2911e-03	1.2925e+04	1.0984e+04	3.6908e+03
9.3630e-03	1.3125e+04	1.1124e+04	3.6982e+03
9.4355e-03	1.3328e+04	1.1266e+04	3.7057e+03
9.5085e-03	1.3534e+04	1.1411e+04	3.7132e+03
9.5821e-03	1.3740e+04	1.1553e+04	3.7203e+03
9.6563e-03	1.3943e+04	1.1693e+04	3.7268e+03
9.7311e-03	1.4142e+04	1.1827e+04	3.7324e+03
9.8064e-03	1.4344e+04	1.1962e+04	3.7378e+03
9.8823e-03	1.4547e+04	1.2099e+04	3.7434e+03
9.9588e-03	1.4754e+04	1.2238e+04	3.7489e+03
1.0036e-02	1.4964e+04	1.2378e+04	3.7544e+03
1.0114e-02	1.5177e+04	1.2519e+04	3.7599e+03
1.0192e-02	1.5386e+04	1.2657e+04	3.7638e+03
1.0271e-02	1.5596e+04	1.2795e+04	3.7671e+03
1.0350e-02	1.5806e+04	1.2932e+04	3.7699e+03
1.0430e-02	1.6019e+04	1.3072e+04	3.7726e+03
1.0511e-02	1.6235e+04	1.3212e+04	3.7754e+03
1.0593e-02	1.6454e+04	1.3354e+04	3.7782e+03
1.0675e-02	1.6676e+04	1.3498e+04	3.7810e+03
1.0757e-02	1.6908e+04	1.3645e+04	3.7839e+03
1.0841e-02	1.7150e+04	1.3795e+04	3.7869e+03
1.0924e-02	1.7404e+04	1.3950e+04	3.7901e+03
1.1009e-02	1.7661e+04	1.4106e+04	3.7933e+03
1.1094e-02	1.7922e+04	1.4264e+04	3.7965e+03
1.1180e-02	1.8187e+04	1.4424e+04	3.7997e+03
1.1267e-02	1.8456e+04	1.4585e+04	3.8029e+03
1.1354e-02	1.8729e+04	1.4749e+04	3.8060e+03
1.1442e-02	1.9026e+04	1.4926e+04	3.8082e+03
1.1530e-02	1.9332e+04	1.5109e+04	3.8100e+03
1.1620e-02	1.9646e+04	1.5296e+04	3.8117e+03
1.1710e-02	1.9967e+04	1.5485e+04	3.8134e+03
1.1800e-02	2.0292e+04	1.5677e+04	3.8151e+03
1.1892e-02	2.0621e+04	1.5871e+04	3.8167e+03
1.1984e-02	2.0958e+04	1.6068e+04	3.8184e+03
1.2076e-02	2.1311e+04	1.6267e+04	3.8198e+03
1.2170e-02	2.1677e+04	1.6470e+04	3.8209e+03
1.2264e-02	2.2057e+04	1.6676e+04	3.8219e+03
1.2359e-02	2.2444e+04	1.6884e+04	3.8228e+03
1.2455e-02	2.2837e+04	1.7095e+04	3.8238e+03
1.2551e-02	2.3238e+04	1.7309e+04	3.8248e+03
1.2648e-02	2.3645e+04	1.7525e+04	3.8257e+03
1.2746e-02	2.4058e+04	1.7743e+04	3.8266e+03
1.2845e-02	2.4468e+04	1.7947e+04	3.8266e+03
1.2944e-02	2.4884e+04	1.8151e+04	3.8265e+03
1.3045e-02	2.5305e+04	1.8356e+04	3.8263e+03
1.3146e-02	2.5734e+04	1.8564e+04	3.8261e+03
1.3247e-02	2.6170e+04	1.8774e+04	3.8260e+03
1.3350e-02	2.6613e+04	1.8986e+04	3.8258e+03
1.3453e-02	2.7064e+04	1.9201e+04	3.8256e+03
1.3557e-02	2.7501e+04	1.9400e+04	3.8249e+03
1.3662e-02	2.7930e+04	1.9591e+04	3.8239e+03
1.3768e-02	2.8362e+04	1.9780e+04	3.8228e+03
1.3875e-02	2.8801e+04	1.9971e+04	3.8217e+03
1.3982e-02	2.9246e+04	2.0164e+04	3.8205e+03
1.4090e-02	2.9699e+04	2.0359e+04	3.8194e+03
1.4199e-02	3.0159e+04	2.0556e+04	3.8183e+03
1.4309e-02	3.0619e+04	2.0750e+04	3.8170e+03
1.4420e-02	3.1064e+04	2.0927e+04	3.8148e+03
1.4532e-02	3.1513e+04	2.1104e+04	3.8126e+03
1.4644e-02	3.1968e+04	2.1282e+04	3.8104e+03
1.4758e-02	3.2430e+04	2.1462e+04	3.8081e+03
1.4872e-02	3.2899e+04	2.1643e+04	3.8059e+03
1.4987e-02	3.3373e+04	2.1826e+04	3.8037e+03
1.5103e-02	3.3856e+04	2.2010e+04	3.8014e+03
1.5220e-02	3.4342e+04	2.2190e+04	3.7989e+03
1.5338e-02	3.4832e+04	2.2368e+04	3.7963e+03
1.5457e-02	3.5331e+04	2.2547e+04	3.7936e+03
1.5576e-02	3.5836e+04	2.2728e+04	3.7910e+03
1.5697e-02	3.6349e+04	2.2911e+04	3.7883e+03
1.5818e-02	3.6869e+04	2.3095e+04	3.7857e+03
1.5941e-02	3.7397e+04	2.3280e+04	3.7830e+03
1.6064e-02	3.7933e+04	2.3461e+04	3.7805e+03
1.6189e-02	3.8481e+04	2.3632e+04	3.7783e+03
1.6314e-02	3.9037e+04	2.3805e+04	3.7761e+03
1.6440e-02	3.9600e+04	2.3978e+04	3.7738e+03
1.6567e-02	4.0172e+04	2.4153e+04	3.7716e+03
1.6696e-02	4.0753e+04	2.4329e+04	3.7693e+03
1.6825e-02	4.1342e+04	2.4506e+04	3.7671e+03
1.6955e-02	4.1941e+04	2.4684e+04	3.7646e+03
1.7087e-02	4.2567e+04	2.4852e+04	3.7607e+03
1.7219e-02	4.3204e+04	2.5020e+04	3.7564e+03
1.7352e-02	4.3852e+04	2.5188e+04	3.7521e+03
1.7486e-02	4.4510e+04	2.5358e+04	3.7478e+03
1.7622e-02	4.5177e+04	2.5529e+04	3.7435e+03
1.7758e-02	4.5854e+04	2.5701e+04	3.7393e+03
1.7896e-02	4.6552e+04	2.5874e+04	3.7352e+03
1.8034e-02	4.7277e+04	2.6049e+04	3.7316e+03
1.8174e-02	4.8047e+04	2.6227e+04	3.7288e+03
1.8315e-02	4.8831e+04	2.6405e+04	3.7260e+03
1.8456e-02	4.9626e+04	2.6585e+04	3.7232e+03
1.8599e-02	5.0435e+04	2.6766e+04	3.7204e+03
1.8743e-02	5.1258e+04	2.6949e+04	3.7176e+03
1.8888e-02	5.2095e+04	2.7130e+04	3.7147e+03
1.9035e-02	5.2948e+04	2.7309e+04	3.7117e+03
1.9182e-02	5.3833e+04	2.7471e+04	3.7080e+03
1.9330e-02	5.4732e+04	2.7631e+04	3.7043e+03
1.9480e-02	5.5646e+04	2.7793e+04	3.7006e+03
1.9631e-02	5.6577e+04	2.7955e+04	3.6969e+03
1.9783e-02	5.7523e+04	2.8119e+04	3.6931e+03
1.9936e-02	5.8483e+04	2.8283e+04	3.6894e+03
2.0090e-02	5.9471e+04	2.8445e+04	3.6857e+03
2.0246e-02	6.0488e+04	2.8602e+04	3.6821e+03
2.0403e-02	6.1537e+04	2.8753e+04	3.6785e+03
2.0561e-02	6.2609e+04	2.8905e+04	3.6750e+03
2.0720e-02	6.3697e+04	2.9058e+04	3.6714e+03
2.0880e-02	6.4802e+04	2.9212e+04	3.6679e+03
2.1042e-02	6.5930e+04	2.9366e+04	3.6643e+03
2.1205e-02	6.7073e+04	2.9517e+04	3.6607e+03
2.1369e-02	6.8231e+04	2.9663e+04	3.6570e+03
2.1534e-02	6.9403e+04	2.9791e+04	3.6531e+03
2.1701e-02	7.0591e+04	2.9920e+04	3.6492e+03
2.1869e-02	7.1797e+04	3.0048e+04	3.6453e+03
2.2038e-02	7.3029e+04	3.0177e+04	3.6414e+03
2.2209e-02	7.4280e+04	3.0307e+04	3.6375e+03
2.2381e-02	7.5550e+04	3.0437e+04	3.6336e+03
2.2554e-02	7.6839e+04	3.0556e+04	3.6296e+03
2.2729e-02	7.8143e+04	3.0666e+04	3.6257e+03
2.2905e-02	7.9461e+04	3.0767e+04	3.6218e+03
2.3082e-02	8.0806e+04	3.0868e+04	3.6179e+03
2.3261e-02	8.2172e+04	3.0970e+04	3.6139e+03
2.3441e-02	8.3557e+04	3.1072e+04	3.6100e+03
2.3622e-02	8.4972e+04	3.1174e+04	3.6061e+03
2.3805e-02	8.6397e+04	3.1272e+04	3.6022e+03
2.3989e-02	8.7833e+04	3.1367e+04	3.5983e+03
2.4175e-02	8.9275e+04	3.1451e+04	3.5943e+03
2.4362e-02	9.0737e+04	3.1535e+04	3.5904e+03
2.4551e-02	9.2220e+04	3.1620e+04	3.5864e+03
2.4741e-02	9.3733e+04	3.1705e+04	3.5825e+03
2.4932e-02	9.5269e+04	3.1790e+04	3.5785e+03
2.5125e-02	9.6824e+04	3.1876e+04	3.5746e+03
2.5320e-02	9.8359e+04	3.1951e+04	3.5705e+03
2.5516e-02	9.9891e+04	3.2021e+04	3.5662e+03
2.5714e-02	1.0142e+05	3.2088e+04	3.5619e+03
2.5913e-02	1.0299e+05	3.2155e+04	3.5576e+03
2.6113e-02	1.0457e+05	3.2223e+04	3.5533e+03
2.6315e-02	1.0617e+05	3.2290e+04	3.5490e+03
2.6519e-02	1.0781e+05	3.2357e+04	3.5447e+03
2.6724e-02	1.0944e+05	3.2417e+04	3.5405e+03
2.6931e-02	1.1108e+05	3.2471e+04	3.5364e+03
2.7140e-02	1.1272e+05	3.2516e+04	3.5325e+03
2.7350e-02	1.1438e+05	3.2561e+04	3.5286e+03
2.7562e-02	1.1607e+05	3.2607e+04	3.5246e+03
2.7775e-02	1.1779e+05	3.2652e+04	3.5207e+03
2.7990e-02	1.1952e+05	3.2697e+04	3.5168e+03
2.8207e-02	1.2128e+05	3.2742e+04	3.5128e+03
2.8425e-02	1.2298e+05	3.2779e+04	3.5084e+03
2.8645e-02	1.2469e+05	3.2814e+04	3.5038e+03
2.8867e-02	1.2639e+05	3.2847e+04	3.4991e+03
2.9090e-02	1.2813e+05	3.2880e+04	3.4945e+03
2.9316e-02	1.2988e+05	3.2914e+04	3.4899e+03
2.9543e-02	1.3166e+05	3.2947e+04	3.4852e+03
2.9771e-02	1.3347e+05	3.2980e+04	3.4806e+03
3.0002e-02	1.3536e+05	3.3024e+04	3.4773e+03
3.0234e-02	1.3731e+05	3.3075e+04	3.4749e+03
3.0468e-02	1.3932e+05	3.3132e+04	3.4733e+03
3.0704e-02	1.4136e+05	3.3188e+04	3.4716e+03
3.0942e-02	1.4343e+05	3.3245e+04	3.4699e+03
3.1181e-02	1.4553e+05	3.3301e+04	3.4682e+03
3.1423e-02	1.4767e+05	3.3358e+04	3.4666e+03
3.1666e-02	1.4979e+05	3.3407e+04	3.4642e+03
3.1911e-02	1.5175e+05	3.3420e+04	3.4586e+03
3.2158e-02	1.5370e+05	3.3425e+04	3.4523e+03
3.2407e-02	1.5564e+05	3.3424e+04	3.4455e+03
3.2658e-02	1.5761e+05	3.3424e+04	3.4387e+03
3.2911e-02	1.5960e+05	3.3424e+04	3.4320e+03
3.3165e-02	1.6162e+05	3.3423e+04	3.4253e+03
3.3422e-02	1.6367e+05	3.3423e+04	3.4186e+03
3.3681e-02	1.6584e+05	3.3449e+04	3.4136e+03
3.3942e-02	1.6809e+05	3.3488e+04	3.4095e+03
3.4204e-02	1.7040e+05	3.3533e+04	3.4057e+03
3.4469e-02	1.7273e+05	3.3578e+04	3.4020e+03
3.4736e-02	1.7510e+05	3.3623e+04	3.3982e+03
3.5005e-02	1.7750e+05	3.3668e+04	3.3945e+03
3.5276e-02	1.7994e+05	3.3713e+04	3.3908e+03
3.5549e-02	1.8240e+05	3.3753e+04	3.3868e+03
3.5824e-02	1.8487e+05	3.3778e+04	3.3821e+03
3.6102e-02	1.8739e+05	3.3801e+04	3.3773e+03
3.6381e-02	1.8993e+05	3.3823e+04	3.3725e+03
3.6663e-02	1.9250e+05	3.3845e+04	3.3676e+03
3.6947e-02	1.9512e+05	3.3868e+04	3.3628e+03
3.7233e-02	1.9776e+05	3.3890e+04	3.3580e+03
3.7521e-02	2.0044e+05	3.3912e+04	3.3532e+03
3.7811e-02	2.0324e+05	3.3943e+04	3.3482e+03
3.8104e-02	2.0609e+05	3.3977e+04	3.3431e+03
3.8399e-02	2.0898e+05	3.4011e+04	3.3380e+03
3.8696e-02	2.1193e+05	3.4045e+04	3.3329e+03
3.8996e-02	2.1490e+05	3.4079e+04	3.3279e+03
3.9298e-02	2.1792e+05	3.4113e+04	3.3228e+03
3.9602e-02	2.2099e+05	3.4147e+04	3.3178e+03
3.9909e-02	2.2411e+05	3.4179e+04	3.3127e+03
4.0218e-02	2.2729e+05	3.4207e+04	3.3077e+03
4.0529e-02	2.3052e+05	3.4235e+04	3.3026e+03
4.0843e-02	2.3379e+05	3.4263e+04	3.2976e+03
4.1159e-02	2.3710e+05	3.4291e+04	3.2926e+03
4.1478e-02	2.4047e+05	3.4320e+04	3.2876e+03
4.1799e-02	2.4389e+05	3.4348e+04	3.2826e+03
4.2122e-02	2.4736e+05	3.4377e+04	3.2775e+03
4.2448e-02	2.5104e+05	3.4414e+04	3.2721e+03
4.2777e-02	2.5478e+05	3.4454e+04	3.2667e+03
4.3108e-02	2.5858e+05	3.4493e+04	3.2612e+03
4.3442e-02	2.6245e+05	3.4532e+04	3.2558e+03
4.3778e-02	2.6636e+05	3.4571e+04	3.2504e+03
4.4117e-02	2.7034e+05	3.4611e+04	3.2450e+03
4.4459e-02	2.7440e+05	3.4651e+04	3.2396e+03
4.4803e-02	2.7860e+05	3.4696e+04	3.2344e+03
4.5150e-02	2.8299e+05	3.4746e+04	3.2292e+03
4.5499e-02	2.8745e+05	3.4797e+04	3.2242e+03
4.5851e-02	2.9198e+05	3.4848e+04	3.2191e+03
4.6206e-02	2.9657e+05	3.4899e+04	3.2140e+03
4.6564e-02	3.0125e+05	3.4950e+04	3.2089e+03
4.6925e-02	3.0601e+05	3.5002e+04	3.2039e+03
4.7288e-02	3.1085e+05	3.5056e+04	3.1990e+03
4.7654e-02	3.1587e+05	3.5116e+04	3.1944e+03
4.8023e-02	3.2097e+05	3.5178e+04	3.1900e+03
4.8395e-02	3.2615e+05	3.5239e+04	3.1855e+03
4.8769e-02	3.3142e+05	3.5300e+04	3.1811e+03
4.9147e-02	3.3678e+05	3.5362e+04	3.1766e+03
4.9527e-02	3.4221e+05	3.5424e+04	3.1722e+03
4.9911e-02	3.4780e+05	3.5489e+04	3.1679e+03
5.0297e-02	3.5357e+05	3.5561e+04	3.1640e+03
5.0687e-02	3.5954e+05	3.5640e+04	3.1605e+03
5.1079e-02	3.6563e+05	3.5719e+04	3.1569e+03
5.1474e-02	3.7181e+05	3.5798e+04	3.1534e+03
5.1873e-02	3.7808e+05	3.5878e+04	3.1498e+03
5.2274e-02	3.8449e+05	3.5957e+04	3.1463e+03
5.2679e-02	3.9099e+05	3.6041e+04	3.1430e+03
5.3087e-02	3.9760e+05	3.6131e+04	3.1398e+03
5.3498e-02	4.0439e+05	3.6242e+04	3.1376e+03
5.3912e-02	4.1129e+05	3.6354e+04	3.1353e+03
5.4329e-02	4.1828e+05	3.6466e+04	3.1331e+03
5.4750e-02	4.2542e+05	3.6578e+04	3.1309e+03
5.5174e-02	4.3268e+05	3.6691e+04	3.1286e+03
5.5601e-02	4.4003e+05	3.6805e+04	3.1264e+03
5.6032e-02	4.4746e+05	3.6929e+04	3.1250e+03
5.6465e-02	4.5491e+05	3.7066e+04	3.1243e+03
5.6902e-02	4.6239e+05	3.7212e+04	3.1243e+03
5.7343e-02	4.7003e+05	3.7359e+04	3.1243e+03
5.7787e-02	4.7778e+05	3.7506e+04	3.1243e+03
5.8234e-02	4.8564e+05	3.7654e+04	3.1243e+03
5.8685e-02	4.9366e+05	3.7802e+04	3.1243e+03
5.9139e-02	5.0153e+05	3.7954e+04	3.1248e+03
5.9597e-02	5.0925e+05	3.8110e+04	3.1258e+03
6.0059e-02	5.1655e+05	3.8272e+04	3.1279e+03
6.0524e-02	5.2394e+05	3.8434e+04	3.1299e+03
6.0992e-02	5.3143e+05	3.8597e+04	3.1320e+03
6.1464e-02	5.3904e+05	3.8761e+04	3.1341e+03
6.1940e-02	5.4675e+05	3.8926e+04	3.1361e+03
6.2420e-02	5.5450e+05	3.9092e+04	3.1383e+03
6.2903e-02	5.6182e+05	3.9266e+04	3.1407e+03
6.3390e-02	5.6886e+05	3.9447e+04	3.1433e+03
6.3881e-02	5.7572e+05	3.9631e+04	3.1461e+03
6.4375e-02	5.8267e+05	3.9817e+04	3.1489e+03
6.4874e-02	5.8970e+05	4.0003e+04	3.1518e+03
6.5376e-02	5.9681e+05	4.0191e+04	3.1546e+03
6.5882e-02	6.0401e+05	4.0379e+04	3.1574e+03
6.6392e-02	6.1074e+05	4.0565e+04	3.1605e+03
6.6906e-02	6.1712e+05	4.0750e+04	3.1637e+03
6.7424e-02	6.2297e+05	4.0933e+04	3.1672e+03
6.7946e-02	6.2888e+05	4.1117e+04	3.1707e+03
6.8472e-02	6.3484e+05	4.1302e+04	3.1742e+03
6.9002e-02	6.4086e+05	4.1488e+04	3.1777e+03
6.9536e-02	6.4693e+05	4.1675e+04	3.1813e+03
7.0074e-02	6.5288e+05	4.1862e+04	3.1849e+03
7.0617e-02	6.5799e+05	4.2048e+04	3.1889e+03
7.1164e-02	6.6263e+05	4.2233e+04	3.1931e+03
7.1715e-02	6.6707e+05	4.2419e+04	3.1974e+03
7.2270e-02	6.7153e+05	4.2606e+04	3.2018e+03
7.2829e-02	6.7603e+05	4.2793e+04	3.2061e+03
7.3393e-02	6.8055e+05	4.2982e+04	3.2104e+03
7.3961e-02	6.8511e+05	4.3171e+04	3.2148e+03
7.4534e-02	6.8846e+05	4.3355e+04	3.2192e+03
7.5111e-02	6.9114e+05	4.3535e+04	3.2236e+03
7.5692e-02	6.9319e+05	4.3713e+04	3.2280e+03
7.6278e-02	6.9524e+05	4.3892e+04	3.2325e+03
7.6869e-02	6.9730e+05	4.4071e+04	3.2369e+03
7.7464e-02	6.9937e+05	4.4251e+04	3.2414e+03
7.8064e-02	7.0144e+05	4.4432e+04	3.2458e+03
7.8668e-02	7.0304e+05	4.4611e+04	3.2505e+03
7.9277e-02	7.0313e+05	4.4783e+04	3.2557e+03
7.9891e-02	7.0260e+05	4.4952e+04	3.2612e+03
8.0509e-02	7.0185e+05	4.5121e+04	3.2668e+03
8.1132e-02	7.0111e+05	4.5290e+04	3.2724e+03
8.1761e-02	7.0036e+05	4.5460e+04	3.2781e+03
8.2394e-02	6.9962e+05	4.5631e+04	3.2837e+03
8.3031e-02	6.9887e+05	4.5802e+04	3.2893e+03
8.3674e-02	6.9663e+05	4.5961e+04	3.2943e+03
8.4322e-02	6.9376e+05	4.6116e+04	3.2989e+03
8.4975e-02	6.9048e+05	4.6268e+04	3.3034e+03
8.5633e-02	6.8722e+05	4.6421e+04	3.3079e+03
8.6296e-02	6.8397e+05	4.6574e+04	3.3124e+03
8.6964e-02	6.8074e+05	4.6728e+04	3.3170e+03
8.7637e-02	6.7753e+05	4.6882e+04	3.3215e+03
8.8315e-02	6.7337e+05	4.7033e+04	3.3264e+03
8.8999e-02	6.6713e+05	4.7180e+04	3.3323e+03
8.9688e-02	6.6053e+05	4.7325e+04	3.3383e+03
9.0382e-02	6.5386e+05	4.7471e+04	3.3445e+03
9.1082e-02	6.4726e+05	4.7617e+04	3.3506e+03
9.1787e-02	6.4076e+05	4.7764e+04	3.3567e+03
9.2498e-02	6.3429e+05	4.7911e+04	3.3629e+03
9.3214e-02	6.2788e+05	4.8059e+04	3.3691e+03
9.3935e-02	6.1890e+05	4.8205e+04	3.3760e+03
9.4663e-02	6.0934e+05	4.8352e+04	3.3830e+03
9.5396e-02	5.9965e+05	4.8499e+04	3.3902e+03
9.6134e-02	5.9019e+05	4.8647e+04	3.3973e+03
9.6878e-02	5.8082e+05	4.8795e+04	3.4045e+03
9.7628e-02	5.7158e+05	4.8944e+04	3.4117e+03
9.8384e-02	5.6256e+05	4.9093e+04	3.4189e+03
9.9146e-02	5.5289e+05	4.9243e+04	3.4264e+03
9.9913e-02	5.4209e+05	4.9393e+04	3.4343e+03
1.0069e-01	5.3157e+05	4.9543e+04	3.4422e+03
1.0147e-01	5.2116e+05	4.9694e+04	3.4502e+03
1.0225e-01	5.1095e+05	4.9846e+04	3.4581e+03
1.0304e-01	5.0104e+05	4.9998e+04	3.4661e+03
1.0384e-01	4.9124e+05	5.0150e+04	3.4742e+03
1.0465e-01	4.8160e+05	5.0303e+04	3.4822e+03
1.0546e-01	4.7197e+05	5.0439e+04	3.4888e+03
1.0627e-01	4.6246e+05	5.0575e+04	3.4954e+03
1.0709e-01	4.5309e+05	5.0711e+04	3.5020e+03
1.0792e-01	4.4400e+05	5.0847e+04	3.5085e+03
1.0876e-01	4.3504e+05	5.0983e+04	3.5151e+03
1.0960e-01	4.2622e+05	5.1120e+04	3.5217e+03
1.1045e-01	4.1760e+05	5.1257e+04	3.5283e+03
1.1130e-01	4.0858e+05	5.1392e+04	3.5344e+03
1.1217e-01	3.9913e+05	5.1527e+04	3.5399e+03
1.1303e-01	3.9002e+05	5.1661e+04	3.5455e+03
1.1391e-01	3.8104e+05	5.1796e+04	3.5511e+03
1.1479e-01	3.7222e+05	5.1931e+04	3.5567e+03
1.1568e-01	3.6372e+05	5.2066e+04	3.5623e+03
1.1658e-01	3.5528e+05	5.2203e+04	3.5680e+03
1.1748e-01	3.4686e+05	5.2342e+04	3.5738e+03
1.1839e-01	3.3777e+05	5.2492e+04	3.5804e+03
1.1930e-01	3.2879e+05	5.2643e+04	3.5871e+03
1.2023e-01	3.2000e+05	5.2794e+04	3.5937e+03
1.2116e-01	3.1158e+05	5.2946e+04	3.6004e+03
1.2210e-01	3.0331e+05	5.3098e+04	3.6071e+03
1.2304e-01	2.9520e+05	5.3251e+04	3.6139e+03
1.2399e-01	2.8729e+05	5.3408e+04	3.6207e+03
1.2495e-01	2.7925e+05	5.3574e+04	3.6278e+03
1.2592e-01	2.7109e+05	5.3749e+04	3.6351e+03
1.2690e-01	2.6330e+05	5.3924e+04	3.6424e+03
1.2788e-01	2.5566e+05	5.4100e+04	3.6498e+03
1.2887e-01	2.4820e+05	5.4277e+04	3.6572e+03
1.2987e-01	2.4105e+05	5.4454e+04	3.6645e+03
1.3087e-01	2.3402e+05	5.4636e+04	3.6721e+03
1.3188e-01	2.2709e+05	5.4823e+04	3.6798e+03
1.3291e-01	2.2028e+05	5.5030e+04	3.6881e+03
1.3393e-01	2.1361e+05	5.5237e+04	3.6965e+03
1.3497e-01	2.0711e+05	5.5445e+04	3.7049e+03
1.3602e-01	2.0089e+05	5.5654e+04	3.7133e+03
1.3707e-01	1.9481e+05	5.5864e+04	3.7217e+03
1.3813e-01	1.8892e+05	5.6076e+04	3.7302e+03
1.3920e-01	1.8345e+05	5.6293e+04	3.7388e+03
1.4028e-01	1.7843e+05	5.6521e+04	3.7479e+03
1.4136e-01	1.7367e+05	5.6754e+04	3.7571e+03
1.4246e-01	1.6911e+05	5.6989e+04	3.7664e+03
1.4356e-01	1.6464e+05	5.7224e+04	3.7757e+03
1.4467e-01	1.6026e+05	5.7461e+04	3.7850e+03
1.4579e-01	1.5604e+05	5.7698e+04	3.7943e+03
1.4692e-01	1.5229e+05	5.7923e+04	3.8032e+03
1.4806e-01	1.4898e+05	5.8136e+04	3.8118e+03
1.4920e-01	1.4667e+05	5.8316e+04	3.8192e+03
1.5036e-01	1.4440e+05	5.8497e+04	3.8267e+03
1.5152e-01	1.4215e+05	5.8678e+04	3.8341e+03
1.5270e-01	1.3995e+05	5.8860e+04	3.8416e+03
1.5388e-01	1.3778e+05	5.9042e+04	3.8491e+03
1.5507e-01	1.3572e+05	5.9223e+04	3.8565e+03
1.5627e-01	1.3421e+05	5.9392e+04	3.8632e+03
1.5748e-01	1.3318e+05	5.9549e+04	3.8691e+03
1.5870e-01	1.3243e+05	5.9700e+04	3.8748e+03
1.5993e-01	1.3169e+05	5.9852e+04	3.8804e+03
1.6117e-01	1.3094e+05	6.0004e+04	3.8860e+03
1.6241e-01	1.3020e+05	6.0156e+04	3.8916e+03
1.6367e-01	1.2947e+05	6.0309e+04	3.8973e+03
1.6494e-01	1.2909e+05	6.0438e+04	3.9021e+03
1.6622e-01	1.2898e+05	6.0550e+04	3.9064e+03
1.6750e-01	1.2927e+05	6.0636e+04	3.9097e+03
1.6880e-01	1.2956e+05	6.0721e+04	3.9130e+03
1.7011e-01	1.2985e+05	6.0807e+04	3.9164e+03
1.7142e-01	1.3014e+05	6.0893e+04	3.9197e+03
1.7275e-01	1.3043e+05	6.0979e+04	3.9231e+03
1.7409e-01	1.3071e+05	6.1055e+04	3.9251e+03
1.7543e-01	1.3090e+05	6.1094e+04	3.9222e+03
1.7679e-01	1.3104e+05	6.1105e+04	3.9155e+03
1.7816e-01	1.3115e+05	6.1105e+04	3.9075e+03
1.7954e-01	1.3126e+05	6.1105e+04	3.8994e+03
1.8093e-01	1.3138e+05	6.1105e+04	3.8914e+03
1.8233e-01	1.3149e+05	6.1106e+04	3.8834e+03
1.8374e-01	1.3161e+05	6.1106e+04	3.8754e+03
1.8517e-01	1.3074e+05	6.1155e+04	3.8718e+03
1.8660e-01	1.2933e+05	6.1233e+04	3.8708e+03
1.8804e-01	1.2737e+05	6.1340e+04	3.8725e+03
1.8950e-01	1.2543e+05	6.1447e+04	3.8742e+03
1.9097e-01	1.2352e+05	6.1554e+04	3.8759e+03
1.9245e-01	1.2164e+05	6.1661e+04	3.8776e+03
1.9393e-01	1.1980e+05	6.1769e+04	3.8793e+03
1.9544e-01	1.1772e+05	6.1888e+04	3.8809e+03
1.9695e-01	1.1507e+05	6.2037e+04	3.8825e+03
1.9847e-01	1.1217e+05	6.2201e+04	3.8840e+03
2.0001e-01	1.0925e+05	6.2369e+04	3.8855e+03
2.0156e-01	1.0640e+05	6.2538e+04	3.8871e+03
2.0312e-01	1.0366e+05	6.2707e+04	3.8886e+03
2.0469e-01	1.0096e+05	6.2876e+04	3.8901e+03
2.0628e-01	9.8334e+04	6.3046e+04	3.8916e+03
2.0787e-01	9.5539e+04	6.3266e+04	3.8946e+03
2.0948e-01	9.2719e+04	6.3502e+04	3.8982e+03
2.1110e-01	8.9915e+04	6.3752e+04	3.9020e+03
2.1274e-01	8.7228e+04	6.4002e+04	3.9059e+03
2.1439e-01	8.4592e+04	6.4253e+04	3.9098e+03
2.1605e-01	8.2036e+04	6.4506e+04	3.9137e+03
2.1772e-01	7.9559e+04	6.4759e+04	3.9177e+03
2.1940e-01	7.7191e+04	6.4996e+04	3.9222e+03
2.2110e-01	7.4894e+04	6.5202e+04	3.9281e+03
2.2281e-01	7.2699e+04	6.5398e+04	3.9344e+03
2.2454e-01	7.0549e+04	6.5593e+04	3.9407e+03
2.2628e-01	6.8458e+04	6.5789e+04	3.9471e+03
2.2803e-01	6.6452e+04	6.5985e+04	3.9534e+03
2.2979e-01	6.4487e+04	6.6182e+04	3.9598e+03
2.3157e-01	6.2573e+04	6.6380e+04	3.9662e+03
2.3337e-01	6.1178e+04	6.6346e+04	3.9724e+03
2.3517e-01	5.9873e+04	6.6277e+04	3.9785e+03
2.3699e-01	5.8637e+04	6.6182e+04	3.9847e+03
2.3883e-01	5.7442e+04	6.6088e+04	3.9908e+03
2.4068e-01	5.6261e+04	6.5994e+04	3.9970e+03
2.4254e-01	5.5101e+04	6.5900e+04	4.0032e+03
2.4442e-01	5.3976e+04	6.5806e+04	4.0093e+03
2.4631e-01	5.2993e+04	6.5676e+04	4.0152e+03
2.4822e-01	5.2199e+04	6.5495e+04	4.0207e+03
2.5014e-01	5.1445e+04	6.5308e+04	4.0261e+03
2.5207e-01	5.0699e+04	6.5122e+04	4.0315e+03
2.5403e-01	4.9961e+04	6.4936e+04	4.0370e+03
2.5599e-01	4.9241e+04	6.4751e+04	4.0424e+03
2.5797e-01	4.8527e+04	6.4566e+04	4.0478e+03
2.5997e-01	4.7820e+04	6.4381e+04	4.0533e+03
2.6198e-01	4.7003e+04	6.4355e+04	4.0573e+03
2.6401e-01	4.6191e+04	6.4334e+04	4.0612e+03
2.6606e-01	4.5385e+04	6.4316e+04	4.0651e+03
2.6812e-01	4.4604e+04	6.4298e+04	4.0691e+03
2.7019e-01	4.3830e+04	6.4279e+04	4.0730e+03
2.7228e-01	4.3066e+04	6.4261e+04	4.0769e+03
2.7439e-01	4.2315e+04	6.4247e+04	4.0809e+03
2.7652e-01	4.1442e+04	6.4293e+04	4.0851e+03
2.7866e-01	4.0457e+04	6.4393e+04	4.0896e+03
2.8081e-01	3.9509e+04	6.4494e+04	4.0941e+03
2.8299e-01	3.8577e+04	6.4595e+04	4.0986e+03
2.8518e-01	3.7660e+04	6.4696e+04	4.1031e+03
2.8739e-01	3.6777e+04	6.4797e+04	4.1075e+03
2.8961e-01	3.5908e+04	6.4888e+04	4.1121e+03
2.9185e-01	3.5051e+04	6.4954e+04	4.1170e+03
2.9411e-01	3.4196e+04	6.4827e+04	4.1237e+03
2.9639e-01	3.3358e+04	6.4700e+04	4.1303e+03
2.9868e-01	3.2535e+04	6.4573e+04	4.1371e+03
3.0100e-01	3.1742e+04	6.4447e+04	4.1438e+03
3.0333e-01	3.0964e+04	6.4321e+04	4.1505e+03
3.0567e-01	3.0203e+04	6.4188e+04	4.1572e+03
3.0804e-01	2.9520e+04	6.3972e+04	4.1640e+03
3.1043e-01	2.9036e+04	6.3434e+04	4.1710e+03
3.1283e-01	2.8688e+04	6.2677e+04	4.1781e+03
3.1525e-01	2.8347e+04	6.1934e+04	4.1852e+03
3.1769e-01	2.8009e+04	6.1199e+04	4.1923e+03
3.2015e-01	2.7673e+04	6.0469e+04	4.1995e+03
3.2263e-01	2.7343e+04	5.9753e+04	4.2066e+03
3.2513e-01	2.7030e+04	5.9029e+04	4.2136e+03
3.2764e-01	2.6738e+04	5.8287e+04	4.2203e+03
3.3018e-01	2.6515e+04	5.7479e+04	4.2258e+03
3.3274e-01	2.6295e+04	5.6681e+04	4.2314e+03
3.3531e-01	2.6075e+04	5.5889e+04	4.2370e+03
3.3791e-01	2.5858e+04	5.5114e+04	4.2425e+03
3.4052e-01	2.5643e+04	5.4349e+04	4.2481e+03
3.4316e-01	2.5429e+04	5.3600e+04	4.2537e+03
3.4582e-01	2.5215e+04	5.2927e+04	4.2593e+03
3.4849e-01	2.4999e+04	5.2399e+04	4.2647e+03
3.5119e-01	2.4781e+04	5.1942e+04	4.2702e+03
3.5391e-01	2.4565e+04	5.1491e+04	4.2756e+03
3.5665e-01	2.4352e+04	5.1044e+04	4.2810e+03
3.5941e-01	2.4140e+04	5.0599e+04	4.2865e+03
3.6219e-01	2.3930e+04	5.0160e+04	4.2920e+03
3.6500e-01	2.3721e+04	4.9803e+04	4.2974e+03
3.6782e-01	2.3511e+04	4.9530e+04	4.3027e+03
3.7067e-01	2.3300e+04	4.9451e+04	4.3079e+03
3.7354e-01	2.3091e+04	4.9371e+04	4.3131e+03
3.7643e-01	2.2883e+04	4.9292e+04	4.3183e+03
3.7935e-01	2.2677e+04	4.9213e+04	4.3236e+03
3.8228e-01	2.2474e+04	4.9135e+04	4.3288e+03
3.8524e-01	2.2272e+04	4.9073e+04	4.3340e+03
3.8823e-01	2.2076e+04	4.9075e+04	4.3393e+03
3.9123e-01	2.1888e+04	4.9171e+04	4.3447e+03
3.9426e-01	2.1702e+04	4.9300e+04	4.3501e+03
3.9731e-01	2.1519e+04	4.9430e+04	4.3556e+03
4.0039e-01	2.1337e+04	4.9560e+04	4.3610e+03
4.0349e-01	2.1156e+04	4.9691e+04	4.3664e+03
4.0661e-01	2.0977e+04	4.9821e+04	4.3719e+03
4.0976e-01	2.0801e+04	4.9934e+04	4.3774e+03
4.1293e-01	2.0628e+04	5.0034e+04	4.3829e+03
4.1613e-01	2.0457e+04	5.0111e+04	4.3885e+03
4.1935e-01	2.0289e+04	5.0188e+04	4.3941e+03
4.2260e-01	2.0121e+04	5.0266e+04	4.3998e+03
4.2587e-01	1.9955e+04	5.0343e+04	4.4054e+03
4.2917e-01	1.9791e+04	5.0421e+04	4.4110e+03
4.3249e-01	1.9627e+04	5.0457e+04	4.4167e+03
4.3584e-01	1.9462e+04	5.0393e+04	4.4225e+03
4.3921e-01	1.9298e+04	5.0224e+04	4.4285e+03
4.4261e-01	1.9133e+04	5.0030e+04	4.4345e+03
4.4604e-01	1.8970e+04	4.9836e+04	4.4404e+03
4.4949e-01	1.8809e+04	4.9644e+04	4.4464e+03
4.5297e-01	1.8648e+04	4.9452e+04	4.4524e+03
4.5648e-01	1.8489e+04	4.9260e+04	4.4585e+03
4.6001e-01	1.8330e+04	4.8921e+04	4.4643e+03
4.6357e-01	1.8170e+04	4.8507e+04	4.4702e+03
4.6716e-01	1.8010e+04	4.8010e+04	4.4759e+03
4.7078e-01	1.7852e+04	4.7521e+04	4.4816e+03
4.7442e-01	1.7695e+04	4.7034e+04	4.4874e+03
4.7809e-01	1.7539e+04	4.6552e+04	4.4931e+03
4.8180e-01	1.7385e+04	4.6078e+04	4.4989e+03
4.8553e-01	1.7234e+04	4.5567e+04	4.5047e+03
4.8928e-01	1.7089e+04	4.4991e+04	4.5106e+03
4.9307e-01	1.6950e+04	4.4369e+04	4.5166e+03
4.9689e-01	1.6812e+04	4.3743e+04	4.5226e+03
5.0074e-01	1.6675e+04	4.3126e+04	4.5286e+03
5.0461e-01	1.6539e+04	4.2521e+04	4.5346e+03
5.0852e-01	1.6404e+04	4.1922e+04	4.5406e+03
5.1246e-01	1.6270e+04	4.1330e+04	4.5467e+03
5.1642e-01	1.6138e+04	4.0707e+04	4.5528e+03
5.2042e-01	1.6006e+04	4.0076e+04	4.5589e+03
5.2445e-01	1.5875e+04	3.9440e+04	4.5651e+03
5.2851e-01	1.5746e+04	3.8819e+04	4.5712e+03
5.3260e-01	1.5617e+04	3.8205e+04	4.5774e+03
5.3673e-01	1.5489e+04	3.7598e+04	4.5836e+03
5.4088e-01	1.5363e+04	3.7007e+04	4.5898e+03
5.4507e-01	1.5227e+04	3.6397e+04	4.5961e+03
5.4929e-01	1.5076e+04	3.5761e+04	4.6025e+03
5.5354e-01	1.4920e+04	3.5126e+04	4.6090e+03
5.5783e-01	1.4765e+04	3.4497e+04	4.6156e+03
5.6214e-01	1.4611e+04	3.3877e+04	4.6221e+03
5.6650e-01	1.4460e+04	3.3275e+04	4.6287e+03
5.7088e-01	1.4309e+04	3.2679e+04	4.6353e+03
5.7530e-01	1.4160e+04	3.2091e+04	4.6419e+03
5.7975e-01	1.4011e+04	3.1509e+04	4.6485e+03
5.8424e-01	1.3863e+04	3.0932e+04	4.6552e+03
5.8877e-01	1.3716e+04	3.0360e+04	4.6620e+03
5.9332e-01	1.3572e+04	2.9806e+04	4.6687e+03
5.9792e-01	1.3428e+04	2.9259e+04	4.6754e+03
6.0255e-01	1.3286e+04	2.8718e+04	4.6822e+03
6.0721e-01	1.3146e+04	2.8194e+04	4.6889e+03
6.1191e-01	1.3014e+04	2.7693e+04	4.6960e+03
6.1665e-01	1.2891e+04	2.7213e+04	4.7034e+03
6.2142e-01	1.2772e+04	2.6751e+04	4.7109e+03
6.2623e-01	1.2653e+04	2.6295e+04	4.7185e+03
6.3108e-01	1.2536e+04	2.5843e+04	4.7260e+03
6.3597e-01	1.2420e+04	2.5405e+04	4.7335e+03
6.4089e-01	1.2304e+04	2.4971e+04	4.7411e+03
6.4585e-01	1.2190e+04	2.4543e+04	4.7487e+03
6.5085e-01	1.2082e+04	2.4151e+04	4.7560e+03
6.5589e-01	1.1974e+04	2.3763e+04	4.7634e+03
6.6097e-01	1.1868e+04	2.3380e+04	4.7708e+03
6.6609e-01	1.1762e+04	2.3007e+04	4.7782e+03
6.7124e-01	1.1658e+04	2.2639e+04	4.7856e+03
6.7644e-01	1.1554e+04	2.2274e+04	4.7930e+03
6.8168e-01	1.1452e+04	2.1918e+04	4.8005e+03
6.8695e-01	1.1359e+04	2.1588e+04	4.8083e+03
6.9227e-01	1.1274e+04	2.1278e+04	4.8166e+03
6.9763e-01	1.1191e+04	2.0975e+04	4.8248e+03
7.0303e-01	1.1107e+04	2.0676e+04	4.8331e+03
7.0847e-01	1.1025e+04	2.0379e+04	4.8413e+03
7.1396e-01	1.0943e+04	2.0089e+04	4.8496e+03
7.1949e-01	1.0862e+04	1.9803e+04	4.8579e+03
7.2506e-01	1.0781e+04	1.9521e+04	4.8661e+03
7.3067e-01	1.0701e+04	1.9259e+04	4.8737e+03
7.3633e-01	1.0622e+04	1.8999e+04	4.8813e+03
7.4203e-01	1.0544e+04	1.8742e+04	4.8890e+03
7.4777e-01	1.0466e+04	1.8489e+04	4.8966e+03
7.5356e-01	1.0389e+04	1.8240e+04	4.9043e+03
7.5939e-01	1.0312e+04	1.7993e+04	4.9120e+03
7.6527e-01	1.0236e+04	1.7751e+04	4.9196e+03
7.7120e-01	1.0158e+04	1.7512e+04	4.9272e+03
7.7717e-01	1.0080e+04	1.7275e+04	4.9347e+03
7.8318e-01	1.0003e+04	1.7043e+04	4.9421e+03
7.8925e-01	9.9269e+03	1.6814e+04	4.9496e+03
7.9536e-01	9.8507e+03	1.6587e+04	4.9572e+03
8.0151e-01	9.7755e+03	1.6364e+04	4.9647e+03
8.0772e-01	9.7026e+03	1.6148e+04	4.9722e+03
8.1397e-01	9.6330e+03	1.5939e+04	4.9799e+03
8.2027e-01	9.5739e+03	1.5753e+04	4.9879e+03
8.2662e-01	9.5151e+03	1.5568e+04	4.9958e+03
8.3302e-01	9.4565e+03	1.5386e+04	5.0038e+03
8.3947e-01	9.3985e+03	1.5205e+04	5.0118e+03
8.4597e-01	9.3408e+03	1.5028e+04	5.0198e+03
8.5252e-01	9.2831e+03	1.4851e+04	5.0278e+03
8.5912e-01	9.2253e+03	1.4679e+04	5.0357e+03
8.6577e-01	9.1661e+03	1.4511e+04	5.0434e+03
8.7247e-01	9.1062e+03	1.4345e+04	5.0510e+03
8.7923e-01	9.0468e+03	1.4182e+04	5.0587e+03
8.8604e-01	8.9879e+03	1.4020e+04	5.0663e+03
8.9289e-01	8.9292e+03	1.3860e+04	5.0740e+03
8.9981e-01	8.8710e+03	1.3702e+04	5.0817e+03
9.0677e-01	8.8108e+03	1.3544e+04	5.0893e+03
9.1379e-01	8.7475e+03	1.3382e+04	5.0969e+03
9.2087e-01	8.6780e+03	1.3215e+04	5.1044e+03
9.2800e-01	8.6092e+03	1.3050e+04	5.1119e+03
9.3518e-01	8.5407e+03	1.2886e+04	5.1194e+03
9.4242e-01	8.4729e+03	1.2725e+04	5.1269e+03
9.4972e-01	8.4057e+03	1.2566e+04	5.1345e+03
9.5707e-01	8.3375e+03	1.2407e+04	5.1420e+03
9.6448e-01	8.2665e+03	1.2246e+04	5.1496e+03
9.7194e-01	8.1900e+03	1.2080e+04	5.1571e+03
9.7947e-01	8.1122e+03	1.1913e+04	5.1647e+03
9.8705e-01	8.0351e+03	1.1749e+04	5.1723e+03
9.9469e-01	7.9591e+03	1.1588e+04	5.1798e+03
1.0024e+00	7.8834e+03	1.1428e+04	5.1874e+03
1.0102e+00	7.8086e+03	1.1271e+04	5.1951e+03
1.0180e+00	7.7334e+03	1.1115e+04	5.2029e+03
1.0259e+00	7.6574e+03	1.0959e+04	5.2110e+03
1.0338e+00	7.5803e+03	1.0804e+04	5.2195e+03
1.0418e+00	7.5043e+03	1.0651e+04	5.2280e+03
1.0499e+00	7.4288e+03	1.0500e+04	5.2365e+03
1.0580e+00	7.3539e+03	1.0352e+04	5.2450e+03
1.0662e+00	7.2803e+03	1.0206e+04	5.2535e+03
1.0744e+00	7.2084e+03	1.0063e+04	5.2621e+03
1.0828e+00	7.1407e+03	9.9287e+03	5.2711e+03
1.0911e+00	7.0781e+03	9.8028e+03	5.2804e+03
1.0996e+00	7.0165e+03	9.6793e+03	5.2899e+03
1.1081e+00	6.9554e+03	9.5569e+03	5.2993e+03
1.1167e+00	6.8952e+03	9.4370e+03	5.3087e+03
1.1253e+00	6.8352e+03	9.3180e+03	5.3182e+03
1.1340e+00	6.7757e+03	9.2003e+03	5.3277e+03
1.1428e+00	6.7200e+03	9.0897e+03	5.3371e+03
1.1517e+00	6.6667e+03	8.9832e+03	5.3464e+03
1.1606e+00	6.6161e+03	8.8814e+03	5.3556e+03
1.1696e+00	6.5663e+03	8.7816e+03	5.3648e+03
1.1786e+00	6.5165e+03	8.6824e+03	5.3741e+03
1.1877e+00	6.4671e+03	8.5841e+03	5.3834e+03
1.1969e+00	6.4182e+03	8.4874e+03	5.3926e+03
1.2062e+00	6.3690e+03	8.3918e+03	5.4026e+03
1.2155e+00	6.3192e+03	8.2970e+03	5.4134e+03
1.2249e+00	6.2690e+03	8.2042e+03	5.4253e+03
1.2344e+00	6.2190e+03	8.1121e+03	5.4372e+03
1.2440e+00	6.1693e+03	8.0208e+03	5.4492e+03
1.2536e+00	6.1202e+03	7.9310e+03	5.4612e+03
1.2633e+00	6.0714e+03	7.8420e+03	5.4732e+03
1.2731e+00	6.0228e+03	7.7537e+03	5.4853e+03
1.2830e+00	5.9741e+03	7.6667e+03	5.4958e+03
1.2929e+00	5.9254e+03	7.5804e+03	5.5057e+03
1.3029e+00	5.8766e+03	7.4946e+03	5.5152e+03
1.3130e+00	5.8285e+03	7.4105e+03	5.5247e+03
1.3232e+00	5.7807e+03	7.3270e+03	5.5342e+03
1.3334e+00	5.7331e+03	7.2441e+03	5.5437e+03
1.3437e+00	5.6862e+03	7.1627e+03	5.5532e+03
1.3541e+00	5.6386e+03	7.0816e+03	5.5637e+03
1.3646e+00	5.5902e+03	7.0007e+03	5.5750e+03
1.3752e+00	5.5420e+03	6.9210e+03	5.5870e+03
1.3858e+00	5.4941e+03	6.8421e+03	5.5990e+03
1.3965e+00	5.4464e+03	6.7636e+03	5.6111e+03
1.4074e+00	5.3994e+03	6.6867e+03	5.6232e+03
1.4183e+00	5.3527e+03	6.6103e+03	5.6353e+03
1.4292e+00	5.3061e+03	6.5345e+03	5.6475e+03
1.4403e+00	5.2568e+03	6.4572e+03	5.6638e+03
1.4514e+00	5.2071e+03	6.3801e+03	5.6810e+03
1.4627e+00	5.1571e+03	6.3031e+03	5.6988e+03
1.4740e+00	5.1080e+03	6.2277e+03	5.7167e+03
1.4854e+00	5.0592e+03	6.1529e+03	5.7346e+03
1.4969e+00	5.0107e+03	6.0786e+03	5.7527e+03
1.5085e+00	4.9630e+03	6.0059e+03	5.7707e+03
1.5202e+00	4.9156e+03	5.9337e+03	5.7830e+03
1.5320e+00	4.8686e+03	5.8622e+03	5.7901e+03
1.5438e+00	4.8224e+03	5.7921e+03	5.7950e+03
1.5558e+00	4.7764e+03	5.7226e+03	5.7999e+03
1.5678e+00	4.7308e+03	5.6536e+03	5.8049e+03
1.5799e+00	4.6858e+03	5.5860e+03	5.8098e+03
1.5922e+00	4.6412e+03	5.5190e+03	5.8147e+03
1.6045e+00	4.5979e+03	5.4540e+03	5.8208e+03
1.6169e+00	4.5629e+03	5.4004e+03	5.8344e+03
1.6294e+00	4.5286e+03	5.3481e+03	5.8488e+03
1.6421e+00	4.4949e+03	5.2966e+03	5.8636e+03
1.6548e+00	4.4617e+03	5.2460e+03	5.8784e+03
1.6676e+00	4.4286e+03	5.1957e+03	5.8933e+03
1.6805e+00	4.3956e+03	5.1457e+03	5.9083e+03
1.6935e+00	4.3631e+03	5.0965e+03	5.9233e+03
1.7066e+00	4.3245e+03	5.0411e+03	5.9439e+03
1.7198e+00	4.2827e+03	4.9824e+03	5.9676e+03
1.7331e+00	4.2411e+03	4.9242e+03	5.9918e+03
1.7466e+00	4.1998e+03	4.8667e+03	6.0161e+03
1.7601e+00	4.1588e+03	4.8095e+03	6.0405e+03
1.7737e+00	4.1184e+03	4.7534e+03	6.0650e+03
1.7874e+00	4.0784e+03	4.6979e+03	6.0896e+03
1.8013e+00	4.0384e+03	4.6428e+03	6.1110e+03
1.8152e+00	3.9987e+03	4.5890e+03	6.1154e+03
1.8293e+00	3.9593e+03	4.5358e+03	6.1198e+03
1.8434e+00	3.9201e+03	4.4829e+03	6.1242e+03
1.8577e+00	3.8815e+03	4.4309e+03	6.1286e+03
1.8721e+00	3.8432e+03	4.3796e+03	6.1331e+03
1.8866e+00	3.8052e+03	4.3286e+03	6.1376e+03
1.9012e+00	3.7679e+03	4.2786e+03	6.1419e+03
1.9159e+00	3.7338e+03	4.2326e+03	6.1433e+03
1.9307e+00	3.7007e+03	4.1881e+03	6.1437e+03
1.9457e+00	3.6681e+03	4.1443e+03	6.1441e+03
1.9607e+00	3.6358e+03	4.1009e+03	6.1445e+03
1.9759e+00	3.6036e+03	4.0578e+03	6.1449e+03
1.9912e+00	3.5718e+03	4.0153e+03	6.1453e+03
2.0066e+00	3.5399e+03	3.9727e+03	6.1462e+03
2.0222e+00	3.5058e+03	3.9282e+03	6.1500e+03
2.0378e+00	3.4666e+03	3.8785e+03	6.1604e+03
2.0536e+00	3.4278e+03	3.8296e+03	6.1707e+03
2.0695e+00	3.3896e+03	3.7814e+03	6.1810e+03
2.0855e+00	3.3517e+03	3.7338e+03	6.1914e+03
2.1017e+00	3.3143e+03	3.6867e+03	6.2018e+03
2.1179e+00	3.2773e+03	3.6402e+03	6.2122e+03
2.1343e+00	3.2422e+03	3.5960e+03	6.2245e+03
2.1509e+00	3.2127e+03	3.5583e+03	6.2431e+03
2.1675e+00	3.1845e+03	3.5222e+03	6.2628e+03
2.1843e+00	3.1566e+03	3.4865e+03	6.2827e+03
2.2012e+00	3.1289e+03	3.4511e+03	6.3026e+03
2.2182e+00	3.1014e+03	3.4160e+03	6.3225e+03
2.2354e+00	3.0742e+03	3.3813e+03	6.3426e+03
2.2527e+00	3.0471e+03	3.3470e+03	6.3618e+03
2.2702e+00	3.0203e+03	3.3132e+03	6.3778e+03
2.2877e+00	2.9937e+03	3.2799e+03	6.3907e+03
2.3054e+00	2.9673e+03	3.2469e+03	6.4037e+03
2.3233e+00	2.9411e+03	3.2143e+03	6.4167e+03
2.3413e+00	2.9152e+03	3.1820e+03	6.4297e+03
2.3594e+00	2.8894e+03	3.1500e+03	6.4428e+03
2.3777e+00	2.8638e+03	3.1182e+03	6.4549e+03
2.3961e+00	2.8376e+03	3.0859e+03	6.4628e+03
2.4146e+00	2.8094e+03	3.0519e+03	6.4571e+03
2.4333e+00	2.7815e+03	3.0182e+03	6.4514e+03
2.4522e+00	2.7539e+03	2.9850e+03	6.4458e+03
2.4711e+00	2.7265e+03	2.9520e+03	6.4401e+03
2.4903e+00	2.6994e+03	2.9194e+03	6.4345e+03
2.5095e+00	2.6725e+03	2.8872e+03	6.4289e+03
2.5290e+00	2.6459e+03	2.8552e+03	6.4233e+03
2.5486e+00	2.6198e+03	2.8240e+03	6.3879e+03
2.5683e+00	2.5938e+03	2.7932e+03	6.3504e+03
2.5882e+00	2.5681e+03	2.7626e+03	6.3125e+03
2.6082e+00	2.5427e+03	2.7324e+03	6.2750e+03
2.6284e+00	2.5175e+03	2.7025e+03	6.2376e+03
2.6487e+00	2.4925e+03	2.6729e+03	6.2005e+03
2.6692e+00	2.4677e+03	2.6436e+03	6.1636e+03
2.6899e+00	2.4456e+03	2.6173e+03	6.1341e+03
2.7107e+00	2.4248e+03	2.5926e+03	6.1085e+03
2.7317e+00	2.4045e+03	2.5685e+03	6.0839e+03
2.7529e+00	2.3844e+03	2.5446e+03	6.0595e+03
2.7742e+00	2.3644e+03	2.5209e+03	6.0351e+03
2.7957e+00	2.3446e+03	2.4974e+03	6.0109e+03
2.8173e+00	2.3249e+03	2.4741e+03	5.9868e+03
2.8391e+00	2.3075e+03	2.4533e+03	5.9797e+03
2.8611e+00	2.2933e+03	2.4362e+03	5.9992e+03
2.8832e+00	2.2801e+03	2.4201e+03	6.0261e+03
2.9056e+00	2.2670e+03	2.4042e+03	6.0532e+03
2.9281e+00	2.2540e+03	2.3883e+03	6.0805e+03
2.9507e+00	2.2410e+03	2.3726e+03	6.1080e+03
2.9736e+00	2.2281e+03	2.3569e+03	6.1356e+03
2.9966e+00	2.2152e+03	2.3413e+03	6.1641e+03
3.0198e+00	2.2005e+03	2.3240e+03	6.2056e+03
3.0432e+00	2.1852e+03	2.3062e+03	6.2515e+03
3.0667e+00	2.1701e+03	2.2886e+03	6.2977e+03
3.0905e+00	2.1550e+03	2.2710e+03	6.3444e+03
3.1144e+00	2.1401e+03	2.2536e+03	6.3913e+03
3.1385e+00	2.1253e+03	2.2364e+03	6.4386e+03
3.1628e+00	2.1106e+03	2.2193e+03	6.4863e+03
3.1873e+00	2.0935e+03	2.1998e+03	6.5140e+03
3.2120e+00	2.0750e+03	2.1789e+03	6.5288e+03
3.2368e+00	2.0561e+03	2.1576e+03	6.5393e+03
3.2619e+00	2.0374e+03	2.1365e+03	6.5498e+03
3.2871e+00	2.0188e+03	2.1156e+03	6.5604e+03
3.3126e+00	2.0005e+03	2.0950e+03	6.5711e+03
3.3382e+00	1.9823e+03	2.0746e+03	6.5818e+03
3.3641e+00	1.9647e+03	2.0549e+03	6.5694e+03
3.3901e+00	1.9479e+03	2.0360e+03	6.5244e+03
3.4164e+00	1.9317e+03	2.0178e+03	6.4598e+03
3.4428e+00	1.9155e+03	1.9998e+03	6.3960e+03
3.4695e+00	1.8995e+03	1.9819e+03	6.3329e+03
3.4963e+00	1.8837e+03	1.9642e+03	6.2707e+03
3.5234e+00	1.8680e+03	1.9466e+03	6.2092e+03
3.5507e+00	1.8519e+03	1.9288e+03	6.1444e+03
3.5782e+00	1.8336e+03	1.9086e+03	6.0567e+03
3.6059e+00	1.8132e+03	1.8864e+03	5.9498e+03
3.6338e+00	1.7931e+03	1.8645e+03	5.8446e+03
3.6619e+00	1.7732e+03	1.8428e+03	5.7413e+03
3.6902e+00	1.7535e+03	1.8214e+03	5.6402e+03
3.7188e+00	1.7341e+03	1.8003e+03	5.5409e+03
3.7476e+00	1.7149e+03	1.7794e+03	5.4432e+03
3.7766e+00	1.6970e+03	1.7599e+03	5.3565e+03
3.8059e+00	1.6806e+03	1.7420e+03	5.2818e+03
3.8353e+00	1.6645e+03	1.7244e+03	5.2101e+03
3.8650e+00	1.6487e+03	1.7071e+03	5.1394e+03
3.8949e+00	1.6330e+03	1.6900e+03	5.0700e+03
3.9251e+00	1.6174e+03	1.6730e+03	5.0015e+03
3.9555e+00	1.6021e+03	1.6562e+03	4.9339e+03
3.9861e+00	1.5871e+03	1.6400e+03	4.8816e+03
4.0170e+00	1.5730e+03	1.6246e+03	4.8536e+03
4.0481e+00	1.5593e+03	1.6098e+03	4.8437e+03
4.0794e+00	1.5458e+03	1.5952e+03	4.8339e+03
4.1110e+00	1.5325e+03	1.5807e+03	4.8243e+03
4.1428e+00	1.5192e+03	1.5664e+03	4.8147e+03
4.1749e+00	1.5061e+03	1.5522e+03	4.8052e+03
4.2072e+00	1.4927e+03	1.5378e+03	4.8004e+03
4.2398e+00	1.4786e+03	1.5226e+03	4.8094e+03
4.2726e+00	1.4632e+03	1.5061e+03	4.8402e+03
4.3057e+00	1.4480e+03	1.4899e+03	4.8711e+03
4.3390e+00	1.4329e+03	1.4738e+03	4.9023e+03
4.3726e+00	1.4180e+03	1.4579e+03	4.9337e+03
4.4064e+00	1.4033e+03	1.4422e+03	4.9654e+03
4.4405e+00	1.3887e+03	1.4266e+03	4.9973e+03
4.4749e+00	1.3741e+03	1.4111e+03	5.0333e+03
4.5096e+00	1.3593e+03	1.3954e+03	5.0809e+03
4.5445e+00	1.3447e+03	1.3799e+03	5.1300e+03
4.5797e+00	1.3302e+03	1.3645e+03	5.1795e+03
4.6151e+00	1.3159e+03	1.3494e+03	5.2296e+03
4.6508e+00	1.3017e+03	1.3343e+03	5.2801e+03
4.6869e+00	1.2877e+03	1.3195e+03	5.3311e+03
4.7231e+00	1.2740e+03	1.3049e+03	5.3784e+03
4.7597e+00	1.2609e+03	1.2911e+03	5.4113e+03
4.7965e+00	1.2482e+03	1.2778e+03	5.4336e+03
4.8337e+00	1.2358e+03	1.2646e+03	5.4561e+03
4.8711e+00	1.2234e+03	1.2516e+03	5.4788e+03
4.9088e+00	1.2112e+03	1.2387e+03	5.5016e+03
4.9468e+00	1.1991e+03	1.2260e+03	5.5245e+03
4.9851e+00	1.1871e+03	1.2134e+03	5.5432e+03
5.0237e+00	1.1754e+03	1.2011e+03	5.5436e+03
5.0626e+00	1.1643e+03	1.1893e+03	5.5002e+03
5.1018e+00	1.1533e+03	1.1776e+03	5.4573e+03
5.1413e+00	1.1424e+03	1.1661e+03	5.4147e+03
5.1811e+00	1.1315e+03	1.1547e+03	5.3726e+03
5.2212e+00	1.1208e+03	1.1433e+03	5.3309e+03
5.2616e+00	1.1102e+03	1.1321e+03	5.2894e+03
5.3024e+00	1.0996e+03	1.1210e+03	5.2466e+03
5.3434e+00	1.0892e+03	1.1100e+03	5.1423e+03
5.3848e+00	1.0789e+03	1.0992e+03	5.0401e+03
5.4265e+00	1.0686e+03	1.0884e+03	4.9400e+03
5.4685e+00	1.0584e+03	1.0778e+03	4.8418e+03
5.5108e+00	1.0484e+03	1.0672e+03	4.7455e+03
5.5535e+00	1.0384e+03	1.0567e+03	4.6512e+03
5.5965e+00	1.0285e+03	1.0464e+03	4.5587e+03
5.6398e+00	1.0200e+03	1.0375e+03	4.4496e+03
5.6834e+00	1.0121e+03	1.0292e+03	4.3376e+03
5.7274e+00	1.0042e+03	1.0210e+03	4.2271e+03
5.7718e+00	9.9646e+02	1.0128e+03	4.1194e+03
5.8165e+00	9.8874e+02	1.0048e+03	4.0142e+03
5.8615e+00	9.8108e+02	9.9674e+02	3.9117e+03
5.9069e+00	9.7347e+02	9.8879e+02	3.8119e+03
5.9526e+00	9.6653e+02	9.8150e+02	3.7155e+03
5.9987e+00	9.6025e+02	9.7488e+02	3.6222e+03
6.0451e+00	9.5416e+02	9.6845e+02	3.5312e+03
6.0919e+00	9.4810e+02	9.6207e+02	3.4424e+03
6.1391e+00	9.4209e+02	9.5572e+02	3.3558e+03
6.1866e+00	9.3610e+02	9.4941e+02	3.2712e+03
6.2345e+00	9.3016e+02	9.4315e+02	3.1890e+03
6.2828e+00	9.2438e+02	9.3705e+02	3.1100e+03
6.3314e+00	9.1929e+02	9.3169e+02	3.0384e+03
6.3804e+00	9.1441e+02	9.2657e+02	2.9700e+03
6.4298e+00	9.0957e+02	9.2148e+02	2.9030e+03
6.4796e+00	9.0474e+02	9.1641e+02	2.8376e+03
6.5298e+00	8.9994e+02	9.1137e+02	2.7735e+03
6.5803e+00	8.9517e+02	9.0636e+02	2.7111e+03
6.6313e+00	8.9043e+02	9.0138e+02	2.6501e+03
6.6826e+00	8.8687e+02	8.9764e+02	2.5974e+03
6.7343e+00	8.8389e+02	8.9449e+02	2.5489e+03
6.7865e+00	8.8105e+02	8.9150e+02	2.5021e+03
6.8390e+00	8.7822e+02	8.8851e+02	2.4562e+03
6.8919e+00	8.7539e+02	8.8553e+02	2.4110e+03
6.9453e+00	8.7258e+02	8.8256e+02	2.3668e+03
6.9991e+00	8.6977e+02	8.7961e+02	2.3235e+03
7.0533e+00	8.6669e+02	8.7639e+02	2.2825e+03
7.1079e+00	8.6332e+02	8.7290e+02	2.2440e+03
7.1629e+00	8.5981e+02	8.6928e+02	2.2070e+03
7.2183e+00	8.5631e+02	8.6567e+02	2.1705e+03
7.2742e+00	8.5283e+02	8.6208e+02	2.1347e+03
7.3305e+00	8.4936e+02	8.5851e+02	2.0995e+03
7.3873e+00	8.4591e+02	8.5495e+02	2.0649e+03
7.4445e+00	8.4252e+02	8.5144e+02	2.0314e+03
7.5021e+00	8.3931e+02	8.4807e+02	2.0005e+03
7.5602e+00	8.3622e+02	8.4480e+02	1.9714e+03
7.6187e+00	8.3315e+02	8.4154e+02	1.9428e+03
7.6777e+00	8.3009e+02	8.3830e+02	1.9146e+03
7.7371e+00	8.2704e+02	8.3507e+02	1.8869e+03
7.7970e+00	8.2401e+02	8.3186e+02	1.8596e+03
7.8574e+00	8.2099e+02	8.2866e+02	1.8327e+03
7.9182e+00	8.1698e+02	8.2449e+02	1.8057e+03
7.9795e+00	8.1195e+02	8.1931e+02	1.7788e+03
8.0413e+00	8.0681e+02	8.1404e+02	1.7522e+03
8.1036e+00	8.0171e+02	8.0879e+02	1.7260e+03
8.1663e+00	7.9665e+02	8.0359e+02	1.7003e+03
8.2295e+00	7.9162e+02	7.9843e+02	1.6750e+03
8.2932e+00	7.8662e+02	7.9329e+02	1.6500e+03
8.3574e+00	7.8031e+02	7.8684e+02	1.6230e+03
8.4221e+00	7.7203e+02	7.7841e+02	1.5929e+03
8.4873e+00	7.6255e+02	7.6877e+02	1.5611e+03
8.5530e+00	7.5317e+02	7.5924e+02	1.5300e+03
8.6192e+00	7.4393e+02	7.4984e+02	1.4995e+03
8.6860e+00	7.3482e+02	7.4058e+02	1.4697e+03
8.7532e+00	7.2581e+02	7.3142e+02	1.4404e+03
8.8210e+00	7.1671e+02	7.2219e+02	1.4113e+03
8.8893e+00	7.0726e+02	7.1260e+02	1.3816e+03
8.9581e+00	6.9728e+02	7.0251e+02	1.3511e+03
9.0274e+00	6.8746e+02	6.9257e+02	1.3213e+03
9.0973e+00	6.7779e+02	6.8280e+02	1.2923e+03
9.1678e+00	6.6826e+02	6.7315e+02	1.2639e+03
9.2387e+00	6.5885e+02	6.6364e+02	1.2361e+03
9.3102e+00	6.4961e+02	6.5429e+02	1.2089e+03
9.3823e+00	6.4102e+02	6.4558e+02	1.1834e+03
9.4550e+00	6.3384e+02	6.3824e+02	1.1612e+03
9.5282e+00	6.2675e+02	6.3098e+02	1.1395e+03
9.6019e+00	6.1975e+02	6.2383e+02	1.1182e+03
9.6763e+00	6.1283e+02	6.1674e+02	1.0973e+03
9.7512e+00	6.0597e+02	6.0974e+02	1.0767e+03
9.8267e+00	5.9919e+02	6.0281e+02	1.0565e+03
9.9027e+00	5.9223e+02	5.9572e+02	1.0364e+03
9.9794e+00	5.8454e+02	5.8794e+02	1.0153e+03
1.0057e+01	5.7653e+02	5.7987e+02	9.9415e+02
1.0135e+01	5.6863e+02	5.7192e+02	9.7344e+02
1.0213e+01	5.6085e+02	5.6407e+02	9.5315e+02
1.0292e+01	5.5316e+02	5.5633e+02	9.3326e+02
1.0372e+01	5.4557e+02	5.4868e+02	9.1377e+02
1.0452e+01	5.3862e+02	5.4167e+02	8.9560e+02
1.0533e+01	5.3379e+02	5.3677e+02	8.8129e+02
1.0614e+01	5.3230e+02	5.3518e+02	8.7286e+02
1.0697e+01	5.3082e+02	5.3360e+02	8.6452e+02
1.0779e+01	5.2934e+02	5.3202e+02	8.5625e+02
1.0863e+01	5.2786e+02	5.3044e+02	8.4806e+02
1.0947e+01	5.2639e+02	5.2887e+02	8.3994e+02
1.1032e+01	5.2484e+02	5.2722e+02	8.3179e+02
1.1117e+01	5.2285e+02	5.2516e+02	8.2320e+02
1.1203e+01	5.1840e+02	5.2071e+02	8.1173e+02
1.1290e+01	5.1397e+02	5.1628e+02	8.0040e+02
1.1377e+01	5.0960e+02	5.1191e+02	7.8926e+02
1.1465e+01	5.0525e+02	5.0756e+02	7.7825e+02
1.1554e+01	5.0094e+02	5.0325e+02	7.6739e+02
1.1644e+01	4.9666e+02	4.9897e+02	7.5667e+02
1.1734e+01	4.9242e+02	4.9473e+02	7.4610e+02
1.1825e+01	4.8810e+02	4.9036e+02	7.3597e+02
1.1916e+01	4.8379e+02	4.8599e+02	7.2599e+02
1.2008e+01	4.7952e+02	4.8167e+02	7.1620e+02
1.2101e+01	4.7529e+02	4.7738e+02	7.0651e+02
1.2195e+01	4.7108e+02	4.7312e+02	6.9694e+02
1.2289e+01	4.6692e+02	4.6890e+02	6.8750e+02
1.2385e+01	4.6279e+02	4.6472e+02	6.7818e+02
1.2480e+01	4.5468e+02	4.5654e+02	6.6323e+02
1.2577e+01	4.4365e+02	4.4542e+02	6.4421e+02
1.2674e+01	4.3215e+02	4.3385e+02	6.2468e+02
1.2773e+01	4.2101e+02	4.2262e+02	6.0583e+02
1.2871e+01	4.1011e+02	4.1165e+02	5.8748e+02
1.2971e+01	3.9948e+02	4.0095e+02	5.6966e+02
1.3072e+01	3.8913e+02	3.9053e+02	5.5239e+02
1.3173e+01	3.7987e+02	3.8121e+02	5.3674e+02
1.3275e+01	3.7332e+02	3.7463e+02	5.2480e+02
1.3377e+01	3.6753e+02	3.6883e+02	5.1398e+02
1.3481e+01	3.6183e+02	3.6312e+02	5.0337e+02
1.3585e+01	3.5622e+02	3.5749e+02	4.9297e+02
1.3691e+01	3.5069e+02	3.5195e+02	4.8278e+02
1.3797e+01	3.4525e+02	3.4650e+02	4.7282e+02
1.3903e+01	3.3990e+02	3.4114e+02	4.6308e+02
1.4011e+01	3.3680e+02	3.3797e+02	4.5672e+02
1.4119e+01	3.3455e+02	3.3565e+02	4.5167e+02
1.4229e+01	3.3244e+02	3.3345e+02	4.4685e+02
1.4339e+01	3.3034e+02	3.3127e+02	4.4208e+02
1.4450e+01	3.2825e+02	3.2910e+02	4.3736e+02
1.4562e+01	3.2617e+02	3.2694e+02	4.3269e+02
1.4675e+01	3.2412e+02	3.2481e+02	4.2808e+02
1.4788e+01	3.2201e+02	3.2268e+02	4.2357e+02
1.4903e+01	3.1988e+02	3.2055e+02	4.1915e+02
1.5018e+01	3.1775e+02	3.1844e+02	4.1480e+02
1.5134e+01	3.1563e+02	3.1634e+02	4.1049e+02
1.5251e+01	3.1352e+02	3.1426e+02	4.0622e+02
1.5370e+01	3.1143e+02	3.1219e+02	4.0201e+02
1.5489e+01	3.0935e+02	3.1013e+02	3.9784e+02
1.5608e+01	3.0723e+02	3.0803e+02	3.9366e+02
1.5729e+01	3.0500e+02	3.0579e+02	3.8943e+02
1.5851e+01	3.0271e+02	3.0348e+02	3.8517e+02
1.5974e+01	3.0044e+02	3.0118e+02	3.8096e+02
1.6097e+01	2.9818e+02	2.9890e+02	3.7680e+02
1.6222e+01	2.9594e+02	2.9664e+02	3.7268e+02
1.6348e+01	2.9372e+02	2.9440e+02	3.6862e+02
1.6474e+01	2.9150e+02	2.9217e+02	3.6459e+02
1.6602e+01	2.8918e+02	2.8983e+02	3.6051e+02
1.6730e+01	2.8675e+02	2.8739e+02	3.5640e+02
1.6860e+01	2.8435e+02	2.8497e+02	3.5232e+02
1.6990e+01	2.8196e+02	2.8257e+02	3.4830e+02
1.7122e+01	2.7960e+02	2.8019e+02	3.4433e+02
1.7254e+01	2.7725e+02	2.7784e+02	3.4040e+02
1.7388e+01	2.7493e+02	2.7550e+02	3.3652e+02
1.7523e+01	2.7272e+02	2.7328e+02	3.3284e+02
1.7658e+01	2.7066e+02	2.7121e+02	3.2941e+02
1.7795e+01	2.6867e+02	2.6920e+02	3.2609e+02
1.7933e+01	2.6669e+02	2.6721e+02	3.2281e+02
1.8071e+01	2.6473e+02	2.6524e+02	3.1957e+02
1.8211e+01	2.6279e+02	2.6328e+02	3.1636e+02
1.8352e+01	2.6085e+02	2.6133e+02	3.1317e+02
1.8494e+01	2.5891e+02	2.5938e+02	3.1001e+02
1.8638e+01	2.5693e+02	2.5739e+02	3.0685e+02
1.8782e+01	2.5491e+02	2.5535e+02	3.0369e+02
1.8927e+01	2.5290e+02	2.5334e+02	3.0056e+02
1.9074e+01	2.5091e+02	2.5134e+02	2.9746e+02
1.9222e+01	2.4893e+02	2.4936e+02	2.9440e+02
1.9370e+01	2.4697e+02	2.4739e+02	2.9137e+02
1.9520e+01	2.4503e+02	2.4543e+02	2.8837e+02
1.9671e+01	2.4308e+02	2.4348e+02	2.8539e+02
1.9824e+01	2.4111e+02	2.4150e+02	2.8245e+02
1.9977e+01	2.3916e+02	2.3954e+02	2.7954e+02
2.0132e+01	2.3722e+02	2.3760e+02	2.7666e+02
2.0288e+01	2.3531e+02	2.3567e+02	2.7381e+02
2.0445e+01	2.3340e+02	2.3376e+02	2.7099e+02
2.0603e+01	2.3152e+02	2.3186e+02	2.6820e+02
2.0762e+01	2.2969e+02	2.3003e+02	2.6550e+02
2.0923e+01	2.2799e+02	2.2833e+02	2.6301e+02
2.1085e+01	2.2636e+02	2.2668e+02	2.6061e+02
2.1248e+01	2.2473e+02	2.2505e+02	2.5822e+02
2.1413e+01	2.2312e+02	2.2343e+02	2.5587e+02
2.1579e+01	2.2152e+02	2.2183e+02	2.5353e+02
2.1746e+01	2.1993e+02	2.2023e+02	2.5121e+02
2.1914e+01	2.1835e+02	2.1864e+02	2.4892e+02
2.2084e+01	2.1678e+02	2.1707e+02	2.4666e+02
2.2255e+01	2.1522e+02	2.1550e+02	2.4444e+02
2.2427e+01	2.1368e+02	2.1395e+02	2.4224e+02
2.2601e+01	2.1214e+02	2.1241e+02	2.4005e+02
2.2776e+01	2.1061e+02	2.1089e+02	2.3789e+02
2.2952e+01	2.0910e+02	2.0937e+02	2.3575e+02
2.3130e+01	2.0759e+02	2.0785e+02	2.3362e+02
2.3309e+01	2.0606e+02	2.0633e+02	2.3149e+02
2.3489e+01	2.0446e+02	2.0471e+02	2.2931e+02
2.3671e+01	2.0286e+02	2.0311e+02	2.2716e+02
2.3854e+01	2.0128e+02	2.0152e+02	2.2502e+02
2.4039e+01	1.9971e+02	1.9994e+02	2.2291e+02
2.4225e+01	1.9815e+02	1.9837e+02	2.2081e+02
2.4413e+01	1.9660e+02	1.9682e+02	2.1873e+02
2.4602e+01	1.9506e+02	1.9527e+02	2.1667e+02
2.4792e+01	1.9349e+02	1.9369e+02	2.1461e+02
2.4984e+01	1.9193e+02	1.9212e+02	2.1257e+02
2.5177e+01	1.9038e+02	1.9056e+02	2.1054e+02
2.5372e+01	1.8884e+02	1.8901e+02	2.0853e+02
2.5569e+01	1.8731e+02	1.8747e+02	2.0654e+02
2.5767e+01	1.8579e+02	1.8594e+02	2.0457e+02
2.5966e+01	1.8428e+02	1.8443e+02	2.0261e+02
2.6167e+01	1.8249e+02	1.8264e+02	2.0040e+02
2.6370e+01	1.8055e+02	1.8070e+02	1.9806e+02
2.6574e+01	1.7860e+02	1.7875e+02	1.9570e+02
2.6780e+01	1.7666e+02	1.7681e+02	1.9338e+02
2.6987e+01	1.7475e+02	1.7490e+02	1.9108e+02
2.7196e+01	1.7285e+02	1.7301e+02	1.8881e+02
2.7406e+01	1.7098e+02	1.7114e+02	1.8657e+02
2.7619e+01	1.6926e+02	1.6942e+02	1.8450e+02
2.7832e+01	1.6781e+02	1.6797e+02	1.8270e+02
2.8048e+01	1.6643e+02	1.6658e+02	1.8098e+02
2.8265e+01	1.6505e+02	1.6520e+02	1.7928e+02
2.8484e+01	1.6369e+02	1.6384e+02	1.7759e+02
2.8704e+01	1.6234e+02	1.6248e+02	1.7591e+02
2.8926e+01	1.6100e+02	1.6114e+02	1.7426e+02
2.9150e+01	1.5967e+02	1.5981e+02	1.7262e+02
2.9376e+01	1.5835e+02	1.5849e+02	1.7101e+02
2.9604e+01	1.5704e+02	1.5718e+02	1.6941e+02
2.9833e+01	1.5575e+02	1.5588e+02	1.6783e+02
3.0064e+01	1.5446e+02	1.5459e+02	1.6627e+02
3.0296e+01	1.5319e+02	1.5332e+02	1.6472e+02
3.0531e+01	1.5192e+02	1.5205e+02	1.6318e+02
3.0767e+01	1.5067e+02	1.5080e+02	1.6166e+02
3.1005e+01	1.4944e+02	1.4957e+02	1.6018e+02
3.1246e+01	1.4825e+02	1.4836e+02	1.5875e+02
3.1487e+01	1.4707e+02	1.4718e+02	1.5734e+02
3.1731e+01	1.4590e+02	1.4600e+02	1.5593e+02
3.1977e+01	1.4474e+02	1.4483e+02	1.5454e+02
3.2224e+01	1.4359e+02	1.4367e+02	1.5317e+02
3.2474e+01	1.4245e+02	1.4252e+02	1.5180e+02
3.2725e+01	1.4131e+02	1.4138e+02	1.5044e+02
3.2979e+01	1.4017e+02	1.4024e+02	1.4910e+02
3.3234e+01	1.3903e+02	1.3911e+02	1.4776e+02
3.3491e+01	1.3790e+02	1.3798e+02	1.4644e+02
3.3750e+01	1.3679e+02	1.3687e+02	1.4513e+02
3.4012e+01	1.3568e+02	1.3577e+02	1.4383e+02
3.4275e+01	1.3458e+02	1.3467e+02	1.4254e+02
3.4540e+01	1.3349e+02	1.3358e+02	1.4127e+02
3.4808e+01	1.3241e+02	1.3250e+02	1.4000e+02
3.5077e+01	1.3132e+02	1.3140e+02	1.3874e+02
3.5349e+01	1.3025e+02	1.3032e+02	1.3750e+02
3.5623e+01	1.2918e+02	1.2925e+02	1.3627e+02
3.5898e+01	1.2812e+02	1.2818e+02	1.3505e+02
3.6176e+01	1.2708e+02	1.2713e+02	1.3384e+02
3.6456e+01	1.2604e+02	1.2608e+02	1.3264e+02
3.6738e+01	1.2500e+02	1.2504e+02	1.3145e+02
3.7023e+01	1.2394e+02	1.2399e+02	1.3025e+02
3.7310e+01	1.2290e+02	1.2294e+02	1.2907e+02
3.7598e+01	1.2185e+02	1.2190e+02	1.2788e+02
3.7889e+01	1.2082e+02	1.2088e+02	1.2672e+02
3.8183e+01	1.1980e+02	1.1986e+02	1.2557e+02
3.8478e+01	1.1879e+02	1.1885e+02	1.2442e+02
3.8776e+01	1.1779e+02	1.1785e+02	1.2329e+02
3.9076e+01	1.1681e+02	1.1687e+02	1.2219e+02
3.9379e+01	1.1585e+02	1.1590e+02	1.2109e+02
3.9684e+01	1.1489e+02	1.1494e+02	1.2002e+02
3.9991e+01	1.1395e+02	1.1398e+02	1.1895e+02
4.0301e+01	1.1301e+02	1.1304e+02	1.1789e+02
4.0613e+01	1.1208e+02	1.1210e+02	1.1684e+02
4.0927e+01	1.1116e+02	1.1118e+02	1.1581e+02
4.1244e+01	1.1025e+02	1.1027e+02	1.1479e+02
4.1563e+01	1.0938e+02	1.0939e+02	1.1381e+02
4.1885e+01	1.0851e+02	1.0853e+02	1.1284e+02
4.2209e+01	1.0764e+02	1.0766e+02	1.1188e+02
4.2536e+01	1.0678e+02	1.0681e+02	1.1093e+02
4.2865e+01	1.0593e+02	1.0597e+02	1.0998e+02
4.3197e+01	1.0509e+02	1.0513e+02	1.0905e+02
4.3532e+01	1.0428e+02	1.0432e+02	1.0815e+02
4.3869e+01	1.0351e+02	1.0355e+02	1.0729e+02
4.4208e+01	1.0276e+02	1.0279e+02	1.0646e+02
4.4550e+01	1.0201e+02	1.0205e+02	1.0563e+02
4.4895e+01	1.0127e+02	1.0131e+02	1.0482e+02
4.5243e+01	1.0054e+02	1.0057e+02	1.0400e+02
4.5593e+01	9.9813e+01	9.9843e+01	1.0320e+02
4.5946e+01	9.9104e+01	9.9133e+01	1.0241e+02
4.6302e+01	9.8409e+01	9.8437e+01	1.0164e+02
4.6660e+01	9.7742e+01	9.7769e+01	1.0091e+02
4.7021e+01	9.7080e+01	9.7105e+01	1.0018e+02
4.7385e+01	9.6419e+01	9.6444e+01	9.9454e+01
4.7752e+01	9.5766e+01	9.5790e+01	9.8735e+01
4.8122e+01	9.5117e+01	9.5140e+01	9.8022e+01
4.8495e+01	9.4473e+01	9.4494e+01	9.7315e+01
4.8870e+01	9.3844e+01	9.3864e+01	9.6625e+01
4.9248e+01	9.3228e+01	9.3248e+01	9.5953e+01
4.9630e+01	9.2619e+01	9.2637e+01	9.5288e+01
5.0014e+01	9.2015e+01	9.2032e+01	9.4629e+01
5.0401e+01	9.1416e+01	9.1431e+01	9.3976e+01
5.0791e+01	9.0818e+01	9.0832e+01	9.3324e+01
5.1184e+01	9.0226e+01	9.0239e+01	9.2679e+01
5.1581e+01	8.9620e+01	8.9634e+01	9.2023e+01
5.1980e+01	8.9004e+01	8.9020e+01	9.1358e+01
5.2382e+01	8.8378e+01	8.8398e+01	9.0686e+01
5.2788e+01	8.7757e+01	8.7782e+01	9.0019e+01
5.3197e+01	8.7138e+01	8.7168e+01	8.9355e+01
5.3608e+01	8.6524e+01	8.6559e+01	8.8697e+01
5.4023e+01	8.5916e+01	8.5955e+01	8.8046e+01
5.4442e+01	8.5293e+01	8.5335e+01	8.7378e+01
5.4863e+01	8.4627e+01	8.4665e+01	8.6664e+01
5.5288e+01	8.3935e+01	8.3967e+01	8.5923e+01
5.5716e+01	8.3237e+01	8.3262e+01	8.5176e+01
5.6147e+01	8.2546e+01	8.2564e+01	8.4436e+01
5.6582e+01	8.1862e+01	8.1874e+01	8.3705e+01
5.7020e+01	8.1182e+01	8.1186e+01	8.2977e+01
5.7461e+01	8.0508e+01	8.0505e+01	8.2256e+01
5.7906e+01	7.9796e+01	7.9793e+01	8.1502e+01
5.8354e+01	7.9068e+01	7.9066e+01	8.0733e+01
5.8806e+01	7.8327e+01	7.8330e+01	7.9954e+01
5.9262e+01	7.7596e+01	7.7603e+01	7.9185e+01
5.9720e+01	7.6869e+01	7.6880e+01	7.8421e+01
6.0183e+01	7.6149e+01	7.6164e+01	7.7663e+01
6.0649e+01	7.5438e+01	7.5457e+01	7.6917e+01
6.1118e+01	7.4751e+01	7.4772e+01	7.6195e+01
6.1591e+01	7.4105e+01	7.4127e+01	7.5517e+01
6.2068e+01	7.3488e+01	7.3509e+01	7.4869e+01
6.2549e+01	7.2876e+01	7.2896e+01	7.4228e+01
6.3033e+01	7.2270e+01	7.2288e+01	7.3591e+01
6.3521e+01	7.1671e+01	7.1688e+01	7.2963e+01
6.4013e+01	7.1074e+01	7.1091e+01	7.2338e+01
6.4508e+01	7.0482e+01	7.0498e+01	7.1718e+01
6.5007e+01	7.0024e+01	7.0038e+01	7.1234e+01
6.5511e+01	6.9602e+01	6.9615e+01	7.0787e+01
6.6018e+01	6.9207e+01	6.9220e+01	7.0369e+01
6.6529e+01	6.8817e+01	6.8829e+01	6.9955e+01
6.7044e+01	6.8428e+01	6.8439e+01	6.9543e+01
6.7563e+01	6.8041e+01	6.8051e+01	6.9132e+01
6.8086e+01	6.7657e+01	6.7667e+01	6.8725e+01
6.8613e+01	6.7252e+01	6.7261e+01	6.8298e+01
6.9144e+01	6.6818e+01	6.6825e+01	6.7841e+01
6.9680e+01	6.6378e+01	6.6385e+01	6.7379e+01
7.0219e+01	6.5938e+01	6.5945e+01	6.6917e+01
7.0763e+01	6.5501e+01	6.5506e+01	6.6458e+01
7.1311e+01	6.5069e+01	6.5074e+01	6.6004e+01
7.1863e+01	6.4639e+01	6.4642e+01	6.5552e+01
7.2419e+01	6.4210e+01	6.4213e+01	6.5102e+01
7.2980e+01	6.3810e+01	6.3813e+01	6.4685e+01
7.3545e+01	6.3414e+01	6.3416e+01	6.4272e+01
7.4114e+01	6.3021e+01	6.3023e+01	6.3862e+01
7.4688e+01	6.2633e+01	6.2634e+01	6.3457e+01
7.5266e+01	6.2246e+01	6.2246e+01	6.3054e+01
7.5849e+01	6.1860e+01	6.1860e+01	6.2651e+01
7.6436e+01	6.1479e+01	6.1478e+01	6.2254e+01
7.7028e+01	6.1095e+01	6.1094e+01	6.1853e+01
7.7624e+01	6.0708e+01	6.0705e+01	6.1447e+01
7.8225e+01	6.0326e+01	6.0322e+01	6.1045e+01
7.8830e+01	5.9944e+01	5.9939e+01	6.0645e+01
7.9441e+01	5.9564e+01	5.9558e+01	6.0246e+01
8.0056e+01	5.9188e+01	5.9181e+01	5.9853e+01
8.0675e+01	5.8814e+01	5.8806e+01	5.9460e+01
8.1300e+01	5.8441e+01	5.8432e+01	5.9070e+01
8.1929e+01	5.8076e+01	5.8072e+01	5.8694e+01
8.2564e+01	5.7712e+01	5.7713e+01	5.8320e+01
8.3203e+01	5.7349e+01	5.7355e+01	5.7946e+01
8.3847e+01	5.6990e+01	5.7001e+01	5.7578e+01
8.4496e+01	5.6633e+01	5.6649e+01	5.7211e+01
8.5150e+01	5.6277e+01	5.6297e+01	5.6845e+01
8.5809e+01	5.5928e+01	5.5952e+01	5.6485e+01
8.6474e+01	5.5605e+01	5.5628e+01	5.6152e+01
8.7143e+01	5.5304e+01	5.5320e+01	5.5840e+01
8.7818e+01	5.5005e+01	5.5016e+01	5.5532e+01
8.8498e+01	5.4708e+01	5.4713e+01	5.5224e+01
8.9183e+01	5.4412e+01	5.4410e+01	5.4918e+01
8.9873e+01	5.4118e+01	5.4111e+01	5.4614e+01
9.0569e+01	5.3823e+01	5.3811e+01	5.4309e+01
9.1270e+01	5.3525e+01	5.3507e+01	5.4001e+01
9.1977e+01	5.3207e+01	5.3189e+01	5.3674e+01
9.2689e+01	5.2890e+01	5.2871e+01	5.3348e+01
9.3406e+01	5.2574e+01	5.2555e+01	5.3023e+01
9.4129e+01	5.2261e+01	5.2242e+01	5.2701e+01
9.4858e+01	5.1950e+01	5.1930e+01	5.2381e+01
9.5593e+01	5.1640e+01	5.1619e+01	5.2063e+01
9.6333e+01	5.1335e+01	5.1315e+01	5.1749e+01
9.7078e+01	5.1039e+01	5.1022e+01	5.1443e+01
9.7830e+01	5.0747e+01	5.0735e+01	5.1141e+01
9.8587e+01	5.0459e+01	5.0452e+01	5.0843e+01
9.9350e+01	5.0172e+01	5.0169e+01	5.0546e+01
1.0012e+02	4.9885e+01	4.9888e+01	5.0250e+01
1.0089e+02	4.9602e+01	4.9609e+01	4.9956e+01
1.0168e+02	4.9303e+01	4.9314e+01	4.9648e+01
1.0246e+02	4.8970e+01	4.8984e+01	4.9307e+01
1.0326e+02	4.8543e+01	4.8556e+01	4.8874e+01
1.0406e+02	4.8120e+01	4.8132e+01	4.8445e+01
1.0486e+02	4.7699e+01	4.7711e+01	4.8018e+01
1.0567e+02	4.7283e+01	4.7294e+01	4.7597e+01
1.0649e+02	4.6871e+01	4.6882e+01	4.7180e+01
1.0732e+02	4.6462e+01	4.6473e+01	4.6765e+01
1.0815e+02	4.6071e+01	4.6081e+01	4.6369e+01
1.0898e+02	4.5703e+01	4.5712e+01	4.5994e+01
1.0983e+02	4.5345e+01	4.5353e+01	4.5630e+01
1.1068e+02	4.4991e+01	4.4998e+01	4.5269e+01
1.1153e+02	4.4639e+01	4.4646e+01	4.4912e+01
1.1240e+02	4.4290e+01	4.4295e+01	4.4556e+01
1.1327e+02	4.3943e+01	4.3948e+01	4.4204e+01
1.1414e+02	4.3602e+01	4.3607e+01	4.3856e+01
1.1503e+02	4.3265e+01	4.3268e+01	4.3513e+01
1.1592e+02	4.2934e+01	4.2937e+01	4.3177e+01
1.1682e+02	4.2607e+01	4.2609e+01	4.2845e+01
1.1772e+02	4.2281e+01	4.2283e+01	4.2513e+01
1.1863e+02	4.1959e+01	4.1959e+01	4.2185e+01
1.1955e+02	4.1639e+01	4.1639e+01	4.1860e+01
1.2048e+02	4.1319e+01	4.1319e+01	4.1535e+01
1.2141e+02	4.0999e+01	4.0998e+01	4.1210e+01
1.2235e+02	4.0677e+01	4.0675e+01	4.0882e+01
1.2330e+02	4.0354e+01	4.0353e+01	4.0555e+01
1.2425e+02	4.0034e+01	4.0032e+01	4.0230e+01
1.2521e+02	3.9717e+01	3.9715e+01	3.9909e+01
1.2618e+02	3.9402e+01	3.9400e+01	3.9589e+01
1.2716e+02	3.9089e+01	3.9087e+01	3.9272e+01
1.2814e+02	3.8763e+01	3.8762e+01	3.8941e+01
1.2913e+02	3.8426e+01	3.8425e+01	3.8599e+01
1.3013e+02	3.8077e+01	3.8077e+01	3.8245e+01
1.3114e+02	3.7733e+01	3.7733e+01	3.7896e+01
1.3216e+02	3.7390e+01	3.7391e+01	3.7548e+01
1.3318e+02	3.7051e+01	3.7052e+01	3.7204e+01
1.3421e+02	3.6716e+01	3.6717e+01	3.6864e+01
1.3525e+02	3.6382e+01	3.6383e+01	3.6526e+01
1.3630e+02	3.6048e+01	3.6049e+01	3.6189e+01
1.3735e+02	3.5716e+01	3.5718e+01	3.5854e+01
1.3842e+02	3.5386e+01	3.5388e+01	3.5522e+01
1.3949e+02	3.5059e+01	3.5060e+01	3.5192e+01
1.4057e+02	3.4736e+01	3.4738e+01	3.4868e+01
1.4166e+02	3.4415e+01	3.4416e+01	3.4544e+01
1.4275e+02	3.4097e+01	3.4098e+01	3.4224e+01
1.4386e+02	3.3829e+01	3.3830e+01	3.3954e+01
1.4497e+02	3.3587e+01	3.3588e+01	3.3709e+01
1.4609e+02	3.3371e+01	3.3372e+01	3.3490e+01
1.4722e+02	3.3157e+01	3.3159e+01	3.3273e+01
1.4836e+02	3.2944e+01	3.2946e+01	3.3057e+01
1.4951e+02	3.2732e+01	3.2734e+01	3.2842e+01
1.5067e+02	3.2522e+01	3.2524e+01	3.2630e+01
1.5184e+02	3.2325e+01	3.2327e+01	3.2430e+01
1.5301e+02	3.2148e+01	3.2150e+01	3.2253e+01
1.5420e+02	3.1990e+01	3.1992e+01	3.2094e+01
1.5539e+02	3.1833e+01	3.1834e+01	3.1937e+01
1.5659e+02	3.1677e+01	3.1678e+01	3.1780e+01
1.5781e+02	3.1522e+01	3.1522e+01	3.1625e+01
1.5903e+02	3.1367e+01	3.1367e+01	3.1471e+01
1.6026e+02	3.1213e+01	3.1213e+01	3.1316e+01
1.6150e+02	3.0971e+01	3.0971e+01	3.1073e+01
1.6275e+02	3.0713e+01	3.0713e+01	3.0813e+01
1.6401e+02	3.0438e+01	3.0438e+01	3.0536e+01
1.6528e+02	3.0167e+01	3.0167e+01	3.0263e+01
1.6656e+02	2.9897e+01	2.9897e+01	2.9991e+01
1.6785e+02	2.9629e+01	2.9629e+01	2.9721e+01
1.6915e+02	2.9366e+01	2.9365e+01	2.9455e+01
1.7046e+02	2.9070e+01	2.9070e+01	2.9157e+01
1.7178e+02	2.8743e+01	2.8742e+01	2.8827e+01
1.7311e+02	2.8400e+01	2.8400e+01	2.8483e+01
1.7445e+02	2.8060e+01	2.8059e+01	2.8140e+01
1.7580e+02	2.7722e+01	2.7722e+01	2.7800e+01
1.7716e+02	2.7392e+01	2.7391e+01	2.7467e+01
1.7853e+02	2.7064e+01	2.7063e+01	2.7137e+01
1.7991e+02	2.6738e+01	2.6738e+01	2.6810e+01
1.8130e+02	2.6512e+01	2.6511e+01	2.6582e+01
1.8271e+02	2.6295e+01	2.6294e+01	2.6362e+01
1.8412e+02	2.6086e+01	2.6085e+01	2.6152e+01
1.8555e+02	2.5880e+01	2.5880e+01	2.5945e+01
1.8698e+02	2.5675e+01	2.5675e+01	2.5738e+01
1.8843e+02	2.5471e+01	2.5472e+01	2.5533e+01
1.8989e+02	2.5271e+01	2.5271e+01	2.5330e+01
1.9136e+02	2.5126e+01	2.5126e+01	2.5185e+01
1.9284e+02	2.5022e+01	2.5023e+01	2.5080e+01
1.9434e+02	2.4934e+01	2.4934e+01	2.4989e+01
1.9584e+02	2.4845e+01	2.4845e+01	2.4900e+01
1.9736e+02	2.4756e+01	2.4756e+01	2.4810e+01
1.9888e+02	2.4668e+01	2.4668e+01	2.4721e+01
2.0042e+02	2.4581e+01	2.4580e+01	2.4632e+01
2.0198e+02	2.4484e+01	2.4483e+01	2.4534e+01
2.0354e+02	2.4318e+01	2.4317e+01	2.4367e+01
2.0511e+02	2.4148e+01	2.4148e+01	2.4196e+01
2.0670e+02	2.3977e+01	2.3976e+01	2.4024e+01
2.0830e+02	2.3807e+01	2.3807e+01	2.3853e+01
2.0992e+02	2.3638e+01	2.3638e+01	2.3683e+01
2.1154e+02	2.3469e+01	2.3470e+01	2.3514e+01
2.1318e+02	2.3300e+01	2.3301e+01	2.3344e+01
2.1483e+02	2.3097e+01	2.3098e+01	2.3140e+01
2.1649e+02	2.2872e+01	2.2873e+01	2.2914e+01
2.1817e+02	2.2650e+01	2.2651e+01	2.2692e+01
2.1986e+02	2.2431e+01	2.2432e+01	2.2471e+01
2.2156e+02	2.2212e+01	2.2214e+01	2.2252e+01
2.2327e+02	2.1997e+01	2.1998e+01	2.2036e+01
2.2500e+02	2.1785e+01	2.1786e+01	2.1823e+01
2.2674e+02	2.1577e+01	2.1579e+01	2.1614e+01
2.2850e+02	2.1391e+01	2.1392e+01	2.1427e+01
2.3027e+02	2.1205e+01	2.1207e+01	2.1241e+01
2.3205e+02	2.1021e+01	2.1023e+01	2.1055e+01
2.3385e+02	2.0839e+01	2.0841e+01	2.0872e+01
2.3566e+02	2.0658e+01	2.0661e+01	2.0691e+01
2.3748e+02	2.0479e+01	2.0482e+01	2.0512e+01
2.3932e+02	2.0305e+01	2.0308e+01	2.0336e+01
2.4117e+02	2.0145e+01	2.0147e+01	2.0176e+01
2.4304e+02	1.9991e+01	1.9994e+01	2.0021e+01
2.4492e+02	1.9840e+01	1.9842e+01	1.9869e+01
2.4682e+02	1.9689e+01	1.9691e+01	1.9717e+01
2.4873e+02	1.9539e+01	1.9541e+01	1.9567e+01
2.5065e+02	1.9391e+01	1.9392e+01	1.9417e+01
2.5260e+02	1.9237e+01	1.9238e+01	1.9263e+01
2.5455e+02	1.9072e+01	1.9073e+01	1.9098e+01
2.5652e+02	1.8881e+01	1.8882e+01	1.8906e+01
2.5851e+02	1.8692e+01	1.8693e+01	1.8717e+01
2.6051e+02	1.8504e+01	1.8506e+01	1.8529e+01
2.6253e+02	1.8319e+01	1.8320e+01	1.8343e+01
2.6456e+02	1.8135e+01	1.8137e+01	1.8159e+01
2.6661e+02	1.7954e+01	1.7956e+01	1.7978e+01
2.6867e+02	1.7780e+01	1.7782e+01	1.7803e+01
2.7075e+02	1.7620e+01	1.7622e+01	1.7643e+01
2.7285e+02	1.7465e+01	1.7467e+01	1.7487e+01
2.7496e+02	1.7312e+01	1.7313e+01	1.7334e+01
2.7709e+02	1.7161e+01	1.7161e+01	1.7182e+01
2.7923e+02	1.7010e+01	1.7010e+01	1.7030e+01
2.8139e+02	1.6860e+01	1.6861e+01	1.6880e+01
2.8357e+02	1.6687e+01	1.6687e+01	1.6707e+01
2.8577e+02	1.6490e+01	1.6490e+01	1.6509e+01
2.8798e+02	1.6251e+01	1.6251e+01	1.6269e+01
2.9021e+02	1.6016e+01	1.6017e+01	1.6034e+01
2.9246e+02	1.5784e+01	1.5785e+01	1.5802e+01
2.9472e+02	1.5555e+01	1.5556e+01	1.5572e+01
2.9700e+02	1.5331e+01	1.5331e+01	1.5347e+01
2.9930e+02	1.5109e+01	1.5109e+01	1.5125e+01
3.0162e+02	1.4890e+01	1.4890e+01	1.4905e+01
3.0395e+02	1.4675e+01	1.4676e+01	1.4690e+01
3.0631e+02	1.4462e+01	1.4463e+01	1.4477e+01
3.0868e+02	1.4252e+01	1.4253e+01	1.4266e+01
3.1107e+02	1.4047e+01	1.4048e+01	1.4061e+01
3.1347e+02	1.3843e+01	1.3844e+01	1.3856e+01
3.1590e+02	1.3642e+01	1.3643e+01	1.3655e+01
3.1835e+02	1.3446e+01	1.3447e+01	1.3458e+01
3.2081e+02	1.3251e+01	1.3252e+01	1.3263e+01
3.2330e+02	1.3058e+01	1.3060e+01	1.3070e+01
3.2580e+02	1.2870e+01	1.2872e+01	1.2881e+01
3.2832e+02	1.2684e+01	1.2685e+01	1.2695e+01
3.3086e+02	1.2499e+01	1.2501e+01	1.2510e+01
3.3342e+02	1.2319e+01	1.2321e+01	1.2330e+01
3.3601e+02	1.2141e+01	1.2142e+01	1.2151e+01
3.3861e+02	1.1964e+01	1.1966e+01	1.1974e+01
3.4123e+02	1.1792e+01	1.1794e+01	1.1801e+01
3.4387e+02	1.1621e+01	1.1623e+01	1.1630e+01
3.4653e+02	1.1452e+01	1.1454e+01	1.1461e+01
3.4921e+02	1.1287e+01	1.1289e+01	1.1296e+01
3.5192e+02	1.1124e+01	1.1126e+01	1.1132e+01
3.5464e+02	1.0962e+01	1.0964e+01	1.0970e+01
3.5739e+02	1.0804e+01	1.0806e+01	1.0812e+01
3.6015e+02	1.0648e+01	1.0650e+01	1.0655e+01
3.6294e+02	1.0493e+01	1.0495e+01	1.0500e+01
3.6575e+02	1.0342e+01	1.0344e+01	1.0349e+01
3.6858e+02	1.0192e+01	1.0194e+01	1.0198e+01
3.7144e+02	1.0044e+01	1.0046e+01	1.0050e+01
3.7431e+02	9.8992e+00	9.9015e+00	9.9051e+00
3.7721e+02	9.7559e+00	9.7582e+00	9.7616e+00
3.8013e+02	9.6140e+00	9.6163e+00	9.6194e+00
3.8307e+02	9.4755e+00	9.4779e+00	9.4808e+00
3.8604e+02	9.3384e+00	9.3408e+00	9.3433e+00
3.8903e+02	9.2025e+00	9.2049e+00	9.2073e+00
3.9204e+02	9.0700e+00	9.0725e+00	9.0746e+00
3.9507e+02	8.9387e+00	8.9412e+00	8.9430e+00
3.9813e+02	8.8086e+00	8.8112e+00	8.8128e+00
4.0122e+02	8.6818e+00	8.6843e+00	8.6857e+00
4.0432e+02	8.5562e+00	8.5587e+00	8.5599e+00
4.0745e+02	8.4317e+00	8.4342e+00	8.4352e+00
4.1061e+02	8.3102e+00	8.3128e+00	8.3136e+00
4.1378e+02	8.1900e+00	8.1926e+00	8.1932e+00
4.1699e+02	8.0708e+00	8.0734e+00	8.0738e+00
4.2022e+02	7.9546e+00	7.9572e+00	7.9574e+00
4.2347e+02	7.8395e+00	7.8421e+00	7.8422e+00
4.2675e+02	7.7254e+00	7.7281e+00	7.7279e+00
4.3005e+02	7.6141e+00	7.6168e+00	7.6165e+00
4.3338e+02	7.5040e+00	7.5067e+00	7.5062e+00
4.3674e+02	7.3949e+00	7.3975e+00	7.3969e+00
4.4012e+02	7.2883e+00	7.2909e+00	7.2901e+00
4.4352e+02	7.1828e+00	7.1855e+00	7.1846e+00
4.4696e+02	7.0784e+00	7.0811e+00	7.0800e+00
4.5042e+02	6.9763e+00	6.9790e+00	6.9778e+00
4.5391e+02	6.8754e+00	6.8781e+00	6.8768e+00
4.5742e+02	6.7755e+00	6.7782e+00	6.7767e+00
4.6096e+02	6.6777e+00	6.6805e+00	6.6788e+00
4.6453e+02	6.5812e+00	6.5839e+00	6.5821e+00
4.6813e+02	6.4855e+00	6.4883e+00	6.4864e+00
4.7175e+02	6.3919e+00	6.3947e+00	6.3927e+00
4.7540e+02	6.2995e+00	6.3022e+00	6.3001e+00
4.7908e+02	6.2080e+00	6.2107e+00	6.2085e+00
4.8279e+02	6.1184e+00	6.1211e+00	6.1188e+00
4.8653e+02	6.0299e+00	6.0326e+00	6.0302e+00
4.9029e+02	5.9423e+00	5.9450e+00	5.9425e+00
4.9409e+02	5.8565e+00	5.8592e+00	5.8566e+00
4.9792e+02	5.7718e+00	5.7746e+00	5.7719e+00
5.0177e+02	5.6880e+00	5.6907e+00	5.6879e+00
5.0565e+02	5.6058e+00	5.6086e+00	5.6057e+00
5.0957e+02	5.5248e+00	5.5276e+00	5.5246e+00
5.1351e+02	5.4446e+00	5.4473e+00	5.4442e+00
5.1749e+02	5.3659e+00	5.3686e+00	5.3655e+00
5.2150e+02	5.2884e+00	5.2911e+00	5.2879e+00
5.2553e+02	5.2116e+00	5.2143e+00	5.2110e+00
5.2960e+02	5.1362e+00	5.1389e+00	5.1356e+00
5.3370e+02	5.0620e+00	5.0647e+00	5.0613e+00
5.3783e+02	4.9885e+00	4.9912e+00	4.9878e+00
5.4200e+02	4.9164e+00	4.9191e+00	4.9156e+00
5.4619e+02	4.8454e+00	4.8481e+00	4.8445e+00
5.5042e+02	4.7751e+00	4.7777e+00	4.7741e+00
5.5468e+02	4.7060e+00	4.7086e+00	4.7049e+00
5.5898e+02	4.6380e+00	4.6407e+00	4.6369e+00
5.6330e+02	4.5707e+00	4.5733e+00	4.5695e+00
5.6767e+02	4.5046e+00	4.5072e+00	4.5034e+00
5.7206e+02	4.4395e+00	4.4421e+00	4.4383e+00
5.7649e+02	4.3751e+00	4.3777e+00	4.3738e+00
5.8095e+02	4.3118e+00	4.3144e+00	4.3104e+00
5.8545e+02	4.2495e+00	4.2521e+00	4.2481e+00
5.8998e+02	4.1879e+00	4.1904e+00	4.1864e+00
5.9455e+02	4.1272e+00	4.1298e+00	4.1257e+00
5.9915e+02	4.0677e+00	4.0702e+00	4.0661e+00
6.0379e+02	4.0086e+00	4.0112e+00	4.0070e+00
6.0846e+02	3.9506e+00	3.9531e+00	3.9489e+00
6.1318e+02	3.8936e+00	3.8961e+00	3.8919e+00
6.1792e+02	3.8371e+00	3.8396e+00	3.8354e+00
6.2271e+02	3.7815e+00	3.7840e+00	3.7797e+00
6.2753e+02	3.7269e+00	3.7294e+00	3.7252e+00
6.3238e+02	3.6729e+00	3.6753e+00	3.6710e+00
6.3728e+02	3.6197e+00	3.6221e+00	3.6178e+00
6.4221e+02	3.5674e+00	3.5699e+00	3.5655e+00
6.4719e+02	3.5157e+00	3.5181e+00	3.5138e+00
6.5220e+02	3.4647e+00	3.4672e+00	3.4628e+00
6.5725e+02	3.4148e+00	3.4172e+00	3.4128e+00
6.6233e+02	3.3652e+00	3.3676e+00	3.3632e+00
6.6746e+02	3.3164e+00	3.3188e+00	3.3144e+00
6.7263e+02	3.2686e+00	3.2710e+00	3.2666e+00
6.7784e+02	3.2212e+00	3.2236e+00	3.2191e+00
6.8308e+02	3.1745e+00	3.1768e+00	3.1724e+00
6.8837e+02	3.1287e+00	3.1310e+00	3.1266e+00
6.9370e+02	3.0834e+00	3.0857e+00	3.0812e+00
6.9907e+02	3.0386e+00	3.0409e+00	3.0365e+00
7.0448e+02	2.9948e+00	2.9971e+00	2.9927e+00
7.0994e+02	2.9514e+00	2.9537e+00	2.9492e+00
7.1543e+02	2.9086e+00	2.9108e+00	2.9064e+00
7.2097e+02	2.8666e+00	2.8689e+00	2.8644e+00
7.2655e+02	2.8251e+00	2.8273e+00	2.8229e+00
7.3218e+02	2.7841e+00	2.7863e+00	2.7818e+00
7.3785e+02	2.7439e+00	2.7462e+00	2.7417e+00
7.4356e+02	2.7042e+00	2.7064e+00	2.7019e+00
7.4931e+02	2.6649e+00	2.6671e+00	2.6627e+00
7.5512e+02	2.6265e+00	2.6287e+00	2.6242e+00
7.6096e+02	2.5885e+00	2.5906e+00	2.5862e+00
7.6685e+02	2.5509e+00	2.5530e+00	2.5486e+00
7.7279e+02	2.5141e+00	2.5162e+00	2.5118e+00
7.7877e+02	2.4777e+00	2.4798e+00	2.4754e+00
7.8480e+02	2.4417e+00	2.4438e+00	2.4394e+00
7.9088e+02	2.4065e+00	2.4086e+00	2.4042e+00
7.9700e+02	2.3716e+00	2.3737e+00	2.3693e+00
8.0317e+02	2.3372e+00	2.3392e+00	2.3348e+00
8.0939e+02	2.3035e+00	2.3055e+00	2.3012e+00
8.1565e+02	2.2701e+00	2.2722e+00	2.2678e+00
8.2197e+02	2.2371e+00	2.2391e+00	2.2348e+00
8.2833e+02	2.2049e+00	2.2069e+00	2.2026e+00
8.3474e+02	2.1730e+00	2.1750e+00	2.1707e+00
8.4121e+02	2.1414e+00	2.1433e+00	2.1391e+00
8.4772e+02	2.1105e+00	2.1125e+00	2.1082e+00
8.5428e+02	2.0800e+00	2.0819e+00	2.0777e+00
8.6089e+02	2.0497e+00	2.0517e+00	2.0474e+00
8.6756e+02	2.0202e+00	2.0221e+00	2.0179e+00
8.7428e+02	1.9910e+00	1.9929e+00	1.9886e+00
8.8104e+02	1.9620e+00	1.9639e+00	1.9597e+00
8.8786e+02	1.9338e+00	1.9356e+00	1.9314e+00
8.9474e+02	1.9058e+00	1.9076e+00	1.9034e+00
9.0167e+02	1.8780e+00	1.8799e+00	1.8757e+00
9.0865e+02	1.8510e+00	1.8528e+00	1.8487e+00
9.1568e+02	1.8242e+00	1.8260e+00	1.8219e+00
9.2277e+02	1.7977e+00	1.7995e+00	1.7954e+00
9.2991e+02	1.7718e+00	1.7735e+00	1.7695e+00
9.3711e+02	1.7461e+00	1.7479e+00	1.7438e+00
9.4437e+02	1.7207e+00	1.7225e+00	1.7184e+00
9.5168e+02	1.6959e+00	1.6977e+00	1.6937e+00
9.5904e+02	1.6714e+00	1.6731e+00	1.6691e+00
9.6647e+02	1.6471e+00	1.6488e+00	1.6448e+00
9.7395e+02	1.6234e+00	1.6250e+00	1.6211e+00
9.8149e+02	1.5999e+00	1.6016e+00	1.5976e+00
9.8909e+02	1.5766e+00	1.5783e+00	1.5744e+00
9.9675e+02	1.5539e+00	1.5555e+00	1.5516e+00
1.0045e+03	1.5348e+00	1.5365e+00	1.5326e+00
1.0122e+03	1.5185e+00	1.5201e+00	1.5162e+00
1.0201e+03	1.5020e+00	1.5036e+00	1.4997e+00
1.0280e+03	1.4853e+00	1.4869e+00	1.4831e+00
1.0359e+03	1.4686e+00	1.4702e+00	1.4664e+00
1.0440e+03	1.4517e+00	1.4533e+00	1.4495e+00
1.0520e+03	1.4347e+00	1.4363e+00	1.4325e+00
1.0602e+03	1.4175e+00	1.4191e+00	1.4154e+00
1.0684e+03	1.4003e+00	1.4018e+00	1.3981e+00
1.0767e+03	1.3829e+00	1.3844e+00	1.3807e+00
1.0850e+03	1.3653e+00	1.3668e+00	1.3632e+00
1.0934e+03	1.3476e+00	1.3491e+00	1.3455e+00
1.1019e+03	1.3298e+00	1.3313e+00	1.3277e+00
1.1104e+03	1.3119e+00	1.3133e+00	1.3098e+00
1.1190e+03	1.2938e+00	1.2952e+00	1.2917e+00
1.1276e+03	1.2755e+00	1.2770e+00	1.2734e+00
1.1364e+03	1.2572e+00	1.2586e+00	1.2551e+00
1.1452e+03	1.2386e+00	1.2401e+00	1.2366e+00
1.1540e+03	1.2200e+00	1.2214e+00	1.2179e+00
1.1630e+03	1.2012e+00	1.2026e+00	1.1991e+00
1.1720e+03	1.1822e+00	1.1836e+00	1.1802e+00
1.1810e+03	1.1631e+00	1.1645e+00	1.1611e+00
1.1902e+03	1.1439e+00	1.1452e+00	1.1419e+00
1.1994e+03	1.1245e+00	1.1258e+00	1.1225e+00
1.2087e+03	1.1049e+00	1.1063e+00	1.1029e+00
1.2180e+03	1.0852e+00	1.0866e+00	1.0833e+00
1.2275e+03	1.0654e+00	1.0667e+00	1.0634e+00
1.2370e+03	1.0454e+00	1.0467e+00	1.0434e+00
1.2466e+03	1.0252e+00	1.0265e+00	1.0233e+00
1.2562e+03	1.0049e+00	1.0062e+00	1.0030e+00
1.2659e+03	9.9160e-01	9.9285e-01	9.8968e-01
1.2757e+03	9.8100e-01	9.8224e-01	9.7909e-01
1.2856e+03	9.7031e-01	9.7154e-01	9.6842e-01
1.2956e+03	9.5955e-01	9.6077e-01	9.5766e-01
1.3056e+03	9.4870e-01	9.4991e-01	9.4682e-01
1.3157e+03	9.3776e-01	9.3896e-01	9.3590e-01
1.3259e+03	9.2674e-01	9.2793e-01	9.2489e-01
1.3361e+03	9.1563e-01	9.1682e-01	9.1380e-01
1.3465e+03	9.0444e-01	9.0561e-01	9.0262e-01
1.3569e+03	8.9317e-01	8.9433e-01	8.9135e-01
1.3674e+03	8.8180e-01	8.8295e-01	8.8000e-01
1.3780e+03	8.7035e-01	8.7149e-01	8.6856e-01
1.3887e+03	8.5881e-01	8.5994e-01	8.5703e-01
1.3994e+03	8.4718e-01	8.4829e-01	8.4541e-01
1.4103e+03	8.3545e-01	8.3656e-01	8.3370e-01
1.4212e+03	8.2364e-01	8.2474e-01	8.2190e-01
1.4322e+03	8.1174e-01	8.1283e-01	8.1001e-01
1.4433e+03	7.9974e-01	8.0082e-01	7.9803e-01
1.4544e+03	7.8765e-01	7.8872e-01	7.8595e-01
1.4657e+03	7.7547e-01	7.7653e-01	7.7378e-01
1.4770e+03	7.6320e-01	7.6424e-01	7.6152e-01
1.4885e+03	7.5083e-01	7.5186e-01	7.4916e-01
1.5000e+03	7.3836e-01	7.3938e-01	7.3671e-01
1.5116e+03	7.2579e-01	7.2680e-01	7.2416e-01
1.5233e+03	7.1313e-01	7.1413e-01	7.1151e-01
1.5351e+03	7.0038e-01	7.0136e-01	6.9876e-01
1.5470e+03	6.8752e-01	6.8849e-01	6.8592e-01
1.5590e+03	6.7456e-01	6.7552e-01	6.7298e-01
1.5710e+03	6.6150e-01	6.6245e-01	6.5993e-01
1.5832e+03	6.4834e-01	6.4928e-01	6.4679e-01
1.5955e+03	6.4064e-01	6.4158e-01	6.3910e-01
1.6078e+03	6.3378e-01	6.3470e-01	6.3224e-01
1.6203e+03	6.2685e-01	6.2777e-01	6.2533e-01
1.6328e+03	6.1988e-01	6.2079e-01	6.1836e-01
1.6454e+03	6.1285e-01	6.1375e-01	6.1135e-01
1.6582e+03	6.0577e-01	6.0666e-01	6.0427e-01
1.6710e+03	5.9863e-01	5.9951e-01	5.9715e-01
1.6840e+03	5.9144e-01	5.9231e-01	5.8996e-01
1.6970e+03	5.8419e-01	5.8506e-01	5.8273e-01
1.7101e+03	5.7688e-01	5.7774e-01	5.7543e-01
1.7234e+03	5.6952e-01	5.7037e-01	5.6808e-01
1.7367e+03	5.6210e-01	5.6295e-01	5.6067e-01
1.7502e+03	5.5462e-01	5.5546e-01	5.5321e-01
1.7637e+03	5.4709e-01	5.4792e-01	5.4569e-01
1.7774e+03	5.3950e-01	5.4032e-01	5.3810e-01
1.7911e+03	5.3185e-01	5.3266e-01	5.3047e-01
1.8050e+03	5.2413e-01	5.2494e-01	5.2277e-01
1.8190e+03	5.1636e-01	5.1716e-01	5.1501e-01
1.8330e+03	5.0853e-01	5.0932e-01	5.0719e-01
1.8472e+03	5.0064e-01	5.0142e-01	4.9931e-01
1.8615e+03	4.9269e-01	4.9346e-01	4.9137e-01
1.8759e+03	4.8468e-01	4.8544e-01	4.8337e-01
1.8905e+03	4.7660e-01	4.7735e-01	4.7531e-01
1.9051e+03	4.6846e-01	4.6921e-01	4.6718e-01
1.9199e+03	4.6026e-01	4.6100e-01	4.5899e-01
1.9347e+03	4.5200e-01	4.5272e-01	4.5074e-01
1.9497e+03	4.4367e-01	4.4439e-01	4.4242e-01
1.9648e+03	4.3528e-01	4.3598e-01	4.3404e-01
1.9800e+03	4.2682e-01	4.2752e-01	4.2560e-01
1.9953e+03	4.1831e-01	4.1900e-01	4.1711e-01
2.0108e+03	4.1390e-01	4.1458e-01	4.1270e-01
2.0263e+03	4.0945e-01	4.1013e-01	4.0826e-01
2.0420e+03	4.0497e-01	4.0564e-01	4.0379e-01
2.0578e+03	4.0045e-01	4.0111e-01	3.9928e-01
2.0738e+03	3.9589e-01	3.9655e-01	3.9473e-01
2.0898e+03	3.9131e-01	3.9196e-01	3.9015e-01
2.1060e+03	3.8668e-01	3.8733e-01	3.8554e-01
2.1223e+03	3.8202e-01	3.8266e-01	3.8089e-01
2.1387e+03	3.7733e-01	3.7796e-01	3.7620e-01
2.1553e+03	3.7259e-01	3.7322e-01	3.7148e-01
2.1720e+03	3.6783e-01	3.6845e-01	3.6672e-01
2.1888e+03	3.6302e-01	3.6364e-01	3.6192e-01
2.2057e+03	3.5818e-01	3.5879e-01	3.5709e-01
2.2228e+03	3.5330e-01	3.5390e-01	3.5222e-01
2.2400e+03	3.4838e-01	3.4898e-01	3.4731e-01
2.2574e+03	3.4342e-01	3.4401e-01	3.4237e-01
2.2748e+03	3.3843e-01	3.3901e-01	3.3738e-01
2.2925e+03	3.3339e-01	3.3397e-01	3.3236e-01
2.3102e+03	3.2832e-01	3.2890e-01	3.2730e-01
2.3281e+03	3.2321e-01	3.2378e-01	3.2220e-01
2.3461e+03	3.1806e-01	3.1862e-01	3.1705e-01
2.3643e+03	3.1287e-01	3.1342e-01	3.1187e-01
2.3826e+03	3.0764e-01	3.0818e-01	3.0665e-01
2.4010e+03	3.0237e-01	3.0291e-01	3.0139e-01
2.4196e+03	2.9705e-01	2.9759e-01	2.9609e-01
2.4383e+03	2.9170e-01	2.9223e-01	2.9075e-01
2.4572e+03	2.8631e-01	2.8682e-01	2.8536e-01
2.4762e+03	2.8087e-01	2.8138e-01	2.7994e-01
2.4954e+03	2.7539e-01	2.7589e-01	2.7447e-01
2.5147e+03	2.7026e-01	2.7076e-01	2.6935e-01
2.5342e+03	2.6740e-01	2.6790e-01	2.6650e-01
2.5538e+03	2.6452e-01	2.6501e-01	2.6363e-01
2.5736e+03	2.6162e-01	2.6210e-01	2.6073e-01
2.5935e+03	2.5869e-01	2.5917e-01	2.5781e-01
2.6136e+03	2.5574e-01	2.5622e-01	2.5487e-01
2.6338e+03	2.5277e-01	2.5324e-01	2.5190e-01
2.6542e+03	2.4977e-01	2.5024e-01	2.4892e-01
2.6748e+03	2.4676e-01	2.4722e-01	2.4591e-01
2.6955e+03	2.4371e-01	2.4417e-01	2.4287e-01
2.7163e+03	2.4065e-01	2.4110e-01	2.3981e-01
2.7374e+03	2.3756e-01	2.3801e-01	2.3673e-01
2.7586e+03	2.3445e-01	2.3489e-01	2.3363e-01
2.7799e+03	2.3131e-01	2.3175e-01	2.3050e-01
2.8014e+03	2.2815e-01	2.2858e-01	2.2734e-01
2.8231e+03	2.2496e-01	2.2539e-01	2.2417e-01
2.8450e+03	2.2175e-01	2.2218e-01	2.2096e-01
2.8670e+03	2.1852e-01	2.1894e-01	2.1774e-01
2.8892e+03	2.1526e-01	2.1567e-01	2.1448e-01
2.9116e+03	2.1197e-01	2.1238e-01	2.1121e-01
2.9341e+03	2.0866e-01	2.0907e-01	2.0790e-01
2.9568e+03	2.0532e-01	2.0573e-01	2.0458e-01
2.9797e+03	2.0196e-01	2.0236e-01	2.0122e-01
3.0028e+03	1.9857e-01	1.9896e-01	1.9784e-01
3.0260e+03	1.9516e-01	1.9554e-01	1.9444e-01
3.0494e+03	1.9172e-01	1.9210e-01	1.9100e-01
3.0731e+03	1.8825e-01	1.8863e-01	1.8754e-01
3.0968e+03	1.8475e-01	1.8513e-01	1.8406e-01
3.1208e+03	1.8123e-01	1.8160e-01	1.8055e-01
3.1450e+03	1.7768e-01	1.7804e-01	1.7701e-01
3.1693e+03	1.7461e-01	1.7497e-01	1.7394e-01
3.1939e+03	1.7276e-01	1.7311e-01	1.7209e-01
3.2186e+03	1.7089e-01	1.7124e-01	1.7023e-01
3.2435e+03	1.6901e-01	1.6936e-01	1.6836e-01
3.2686e+03	1.6711e-01	1.6746e-01	1.6647e-01
3.2939e+03	1.6520e-01	1.6554e-01	1.6456e-01
3.3194e+03	1.6328e-01	1.6362e-01	1.6264e-01
3.3451e+03	1.6134e-01	1.6167e-01	1.6071e-01
3.3710e+03	1.5938e-01	1.5971e-01	1.5876e-01
3.3971e+03	1.5741e-01	1.5774e-01	1.5679e-01
3.4234e+03	1.5543e-01	1.5575e-01	1.5481e-01
3.4499e+03	1.5343e-01	1.5375e-01	1.5282e-01
3.4766e+03	1.5141e-01	1.5173e-01	1.5081e-01
3.5035e+03	1.4938e-01	1.4969e-01	1.4878e-01
3.5307e+03	1.4733e-01	1.4764e-01	1.4674e-01
3.5580e+03	1.4527e-01	1.4557e-01	1.4468e-01
3.5855e+03	1.4319e-01	1.4349e-01	1.4261e-01
3.6133e+03	1.4109e-01	1.4139e-01	1.4052e-01
3.6413e+03	1.3898e-01	1.3928e-01	1.3841e-01
3.6695e+03	1.3685e-01	1.3714e-01	1.3629e-01
3.6979e+03	1.3471e-01	1.3500e-01	1.3415e-01
3.7265e+03	1.3255e-01	1.3283e-01	1.3200e-01
3.7553e+03	1.3037e-01	1.3065e-01	1.2983e-01
3.7844e+03	1.2817e-01	1.2845e-01	1.2764e-01
3.8137e+03	1.2596e-01	1.2624e-01	1.2543e-01
3.8432e+03	1.2373e-01	1.2400e-01	1.2321e-01
3.8730e+03	1.2149e-01	1.2175e-01	1.2097e-01
3.9030e+03	1.1922e-01	1.1948e-01	1.1872e-01
3.9332e+03	1.1694e-01	1.1720e-01	1.1644e-01
3.9636e+03	1.1464e-01	1.1490e-01	1.1415e-01
3.9943e+03	1.1281e-01	1.1306e-01	1.1232e-01
4.0252e+03	1.1161e-01	1.1186e-01	1.1113e-01
4.0564e+03	1.1040e-01	1.1065e-01	1.0992e-01
4.0878e+03	1.0918e-01	1.0943e-01	1.0871e-01
4.1195e+03	1.0796e-01	1.0820e-01	1.0749e-01
4.1514e+03	1.0672e-01	1.0696e-01	1.0625e-01
4.1835e+03	1.0547e-01	1.0571e-01	1.0501e-01
4.2159e+03	1.0421e-01	1.0445e-01	1.0376e-01
4.2485e+03	1.0295e-01	1.0318e-01	1.0249e-01
4.2814e+03	1.0167e-01	1.0190e-01	1.0122e-01
4.3146e+03	1.0039e-01	1.0061e-01	9.9941e-02
4.3480e+03	9.9090e-02	9.9316e-02	9.8650e-02
4.3816e+03	9.7784e-02	9.8007e-02	9.7348e-02
4.4155e+03	9.6468e-02	9.6689e-02	9.6036e-02
4.4497e+03	9.5141e-02	9.5360e-02	9.4714e-02
4.4842e+03	9.3804e-02	9.4021e-02	9.3382e-02
4.5189e+03	9.2457e-02	9.2671e-02	9.2040e-02
4.5539e+03	9.1100e-02	9.1311e-02	9.0687e-02
4.5891e+03	8.9732e-02	8.9940e-02	8.9324e-02
4.6246e+03	8.8353e-02	8.8559e-02	8.7950e-02
4.6604e+03	8.6964e-02	8.7167e-02	8.6565e-02
4.6965e+03	8.5564e-02	8.5765e-02	8.5170e-02
4.7329e+03	8.4153e-02	8.4351e-02	8.3764e-02
4.7695e+03	8.2731e-02	8.2927e-02	8.2347e-02
4.8065e+03	8.1299e-02	8.1491e-02	8.0919e-02
4.8437e+03	7.9855e-02	8.0045e-02	7.9481e-02
4.8812e+03	7.8400e-02	7.8587e-02	7.8031e-02
4.9189e+03	7.6933e-02	7.7118e-02	7.6569e-02
4.9570e+03	7.5456e-02	7.5637e-02	7.5097e-02
4.9954e+03	7.3967e-02	7.4146e-02	7.3613e-02
5.0341e+03	7.2885e-02	7.3062e-02	7.2535e-02
5.0731e+03	7.2107e-02	7.2283e-02	7.1761e-02
5.1123e+03	7.1324e-02	7.1498e-02	7.0980e-02
5.1519e+03	7.0535e-02	7.0707e-02	7.0194e-02
5.1918e+03	6.9739e-02	6.9910e-02	6.9402e-02
5.2320e+03	6.8938e-02	6.9107e-02	6.8603e-02
5.2725e+03	6.8130e-02	6.8297e-02	6.7799e-02
5.3133e+03	6.7316e-02	6.7481e-02	6.6988e-02
5.3544e+03	6.6496e-02	6.6659e-02	6.6171e-02
5.3959e+03	6.5669e-02	6.5831e-02	6.5347e-02
5.4377e+03	6.4836e-02	6.4996e-02	6.4517e-02
5.4798e+03	6.3996e-02	6.4155e-02	6.3681e-02
5.5222e+03	6.3150e-02	6.3307e-02	6.2838e-02
5.5649e+03	6.2298e-02	6.2453e-02	6.1989e-02
5.6080e+03	6.1438e-02	6.1592e-02	6.1133e-02
5.6514e+03	6.0572e-02	6.0724e-02	6.0271e-02
5.6952e+03	5.9700e-02	5.9849e-02	5.9402e-02
5.7393e+03	5.8821e-02	5.8968e-02	5.8526e-02
5.7837e+03	5.7934e-02	5.8080e-02	5.7643e-02
5.8285e+03	5.7041e-02	5.7186e-02	5.6754e-02
5.8736e+03	5.6142e-02	5.6284e-02	5.5857e-02
5.9191e+03	5.5235e-02	5.5375e-02	5.4954e-02
5.9649e+03	5.4321e-02	5.4459e-02	5.4044e-02
6.0111e+03	5.3400e-02	5.3536e-02	5.3126e-02
6.0576e+03	5.2472e-02	5.2606e-02	5.2202e-02
6.1045e+03	5.1536e-02	5.1669e-02	5.1270e-02
6.1518e+03	5.0594e-02	5.0725e-02	5.0331e-02
6.1994e+03	4.9644e-02	4.9773e-02	4.9385e-02
6.2474e+03	4.8687e-02	4.8814e-02	4.8432e-02
6.2957e+03	4.7722e-02	4.7847e-02	4.7471e-02
6.3445e+03	4.7089e-02	4.7212e-02	4.6840e-02
6.3936e+03	4.6585e-02	4.6708e-02	4.6339e-02
6.4431e+03	4.6078e-02	4.6199e-02	4.5834e-02
6.4930e+03	4.5567e-02	4.5687e-02	4.5325e-02
6.5432e+03	4.5051e-02	4.5170e-02	4.4812e-02
6.5939e+03	4.4532e-02	4.4650e-02	4.4295e-02
6.6449e+03	4.4009e-02	4.4125e-02	4.3774e-02
6.6964e+03	4.3481e-02	4.3597e-02	4.3249e-02
6.7482e+03	4.2950e-02	4.3064e-02	4.2720e-02
6.8005e+03	4.2415e-02	4.2527e-02	4.2186e-02
6.8531e+03	4.1875e-02	4.1987e-02	4.1649e-02
6.9062e+03	4.1331e-02	4.1442e-02	4.1108e-02
6.9596e+03	4.0783e-02	4.0892e-02	4.0562e-02
7.0135e+03	4.0231e-02	4.0339e-02	4.0012e-02
7.0678e+03	3.9674e-02	3.9781e-02	3.9458e-02
7.1225e+03	3.9113e-02	3.9219e-02	3.8900e-02
7.1777e+03	3.8548e-02	3.8652e-02	3.8337e-02
7.2332e+03	3.7978e-02	3.8081e-02	3.7770e-02
7.2892e+03	3.7404e-02	3.7506e-02	3.7198e-02
7.3457e+03	3.6826e-02	3.6926e-02	3.6623e-02
7.4025e+03	3.6243e-02	3.6342e-02	3.6042e-02
7.4598e+03	3.5656e-02	3.5753e-02	3.5457e-02
7.5176e+03	3.5064e-02	3.5160e-02	3.4868e-02
7.5758e+03	3.4467e-02	3.4562e-02	3.4274e-02
7.6344e+03	3.3866e-02	3.3959e-02	3.3675e-02
7.6935e+03	3.3260e-02	3.3352e-02	3.3072e-02
7.7531e+03	3.2650e-02	3.2740e-02	3.2464e-02
7.8131e+03	3.2034e-02	3.2124e-02	3.1852e-02
7.8736e+03	3.1414e-02	3.1502e-02	3.1235e-02
7.9346e+03	3.0789e-02	3.0876e-02	3.0613e-02
7.9960e+03	3.0422e-02	3.0508e-02	3.0247e-02
8.0579e+03	3.0096e-02	3.0181e-02	2.9923e-02
8.1203e+03	2.9768e-02	2.9852e-02	2.9596e-02
8.1831e+03	2.9436e-02	2.9520e-02	2.9266e-02
8.2465e+03	2.9103e-02	2.9185e-02	2.8934e-02
8.3103e+03	2.8766e-02	2.8848e-02	2.8599e-02
8.3747e+03	2.8427e-02	2.8508e-02	2.8262e-02
8.4395e+03	2.8086e-02	2.8166e-02	2.7922e-02
8.5048e+03	2.7742e-02	2.7821e-02	2.7580e-02
8.5707e+03	2.7395e-02	2.7473e-02	2.7234e-02
8.6370e+03	2.7045e-02	2.7123e-02	2.6886e-02
8.7039e+03	2.6693e-02	2.6769e-02	2.6536e-02
8.7713e+03	2.6338e-02	2.6414e-02	2.6183e-02
8.8392e+03	2.5980e-02	2.6055e-02	2.5827e-02
8.9076e+03	2.5620e-02	2.5694e-02	2.5468e-02
8.9766e+03	2.5256e-02	2.5329e-02	2.5106e-02
9.0461e+03	2.4890e-02	2.4962e-02	2.4742e-02
9.1161e+03	2.4521e-02	2.4592e-02	2.4375e-02
9.1867e+03	2.4149e-02	2.4220e-02	2.4005e-02
9.2578e+03	2.3775e-02	2.3844e-02	2.3632e-02
9.3295e+03	2.3397e-02	2.3466e-02	2.3256e-02
9.4017e+03	2.3017e-02	2.3084e-02	2.2878e-02
9.4745e+03	2.2633e-02	2.2700e-02	2.2496e-02
9.5478e+03	2.2247e-02	2.2312e-02	2.2111e-02
9.6217e+03	2.1857e-02	2.1922e-02	2.1724e-02
9.6962e+03	2.1465e-02	2.1529e-02	2.1333e-02
9.7713e+03	2.1069e-02	2.1132e-02	2.0940e-02
9.8469e+03	2.0671e-02	2.0733e-02	2.0543e-02
9.9232e+03	2.0269e-02	2.0330e-02	2.0144e-02
1.0000e+04	1.9865e-02	1.9924e-02	1.9741e-02
